0,0
0,1
0,2
0,3
0,4
0,5
0,6
0,7
0,8
0,9
0,10
0,11
0,12
0,13
0,14
0,15
0,16
0,19
0,26
1,1
1,2
1,3
1,4
1,5
1,6
1,7
1,8
1,9
1,10
1,11
1,12
1,13
1,14
1,15
1,16
1,17
1,19
2,2
2,3
2,4
2,5
2,6
2,7
2,8
2,9
2,10
2,11
2,12
2,13
2,35
2,20
2,24
2,25
2,30
3,3
3,4
3,5
3,6
3,7
3,8
3,9
3,10
3,50
3,21
3,22
3,23
3,36
3,63
3,37
3,31
4,4
4,5
4,6
4,7
4,8
4,9
4,10
4,11
4,12
4,13
4,47
4,25
4,70
4,42
4,69
5,5
5,6
5,7
5,8
5,9
5,10
5,11
5,12
5,13
5,47
5,48
5,25
5,42
5,69
6,6
6,7
6,8
6,9
6,10
6,11
6,129
6,17
6,18
6,170
6,57
6,91
6,29
7,7
7,8
7,9
7,10
7,11
7,12
7,13
7,15
7,17
7,18
7,19
7,28
8,8
8,9
8,10
8,11
8,12
8,13
8,15
8,19
8,32
8,26
8,31
9,9
9,10
9,11
9,12
9,13
9,47
9,25
9,70
9,42
9,69
10,10
10,11
10,17
10,18
10,57
10,49
10,91
10,29
10,95
11,11
11,43
11,12
11,34
11,14
11,13
11,41
11,25
11,15
12,43
12,12
12,34
12,14
12,13
12,16
12,41
12,45
12,27
12,44
13,34
13,14
13,13
13,16
13,17
13,18
13,41
13,25
13,15
14,14
14,15
14,16
14,17
14,18
14,19
14,20
14,21
14,22
14,23
14,24
14,25
14,26
14,27
15,15
15,16
15,17
15,18
15,19
15,20
15,21
15,22
15,23
15,26
15,28
15,31
16,34
16,38
16,41
16,16
16,17
16,18
16,19
16,20
16,21
16,22
16,23
16,24
16,25
17,36
17,49
17,18
17,19
17,20
17,17
17,22
17,23
17,21
17,29
17,31
18,67
18,49
18,18
18,19
18,20
18,21
18,22
18,23
18,24
18,57
18,29
19,32
19,19
19,20
19,21
19,22
19,23
19,24
19,25
19,26
19,28
20,35
20,39
20,44
20,20
20,21
20,22
20,23
20,24
20,25
20,26
20,27
20,30
21,33
21,66
21,37
21,72
21,21
21,22
21,23
21,24
21,25
21,26
21,63
22,33
22,36
22,37
22,22
22,23
22,24
22,25
22,26
22,27
22,31
23,33
23,36
23,37
23,23
23,24
23,25
23,26
23,27
23,31
24,35
24,46
24,45
24,24
24,25
24,26
24,27
24,28
24,29
24,30
25,42
25,25
25,26
25,27
25,28
26,33
26,36
26,26
26,27
26,28
26,29
26,30
26,31
27,32
27,33
27,34
27,35
27,44
27,45
27,27
27,28
27,29
27,30
27,31
28,32
28,33
28,34
28,35
28,38
28,43
28,51
28,49
28,28
28,29
28,30
28,31
29,32
29,33
29,34
29,35
29,49
29,91
29,95
29,57
29,29
29,30
29,31
30,32
30,33
30,35
30,36
30,37
30,39
30,34
30,46
30,48
30,59
30,30
30,31
31,32
31,33
31,34
31,38
31,39
31,35
31,40
31,31
32,32
32,33
32,34
32,35
32,36
32,37
32,38
32,39
32,43
32,51
32,49
32,56
33,33
33,34
33,35
33,36
33,37
33,38
33,39
33,55
33,50
34,34
34,35
34,36
34,37
34,38
34,41
34,44
34,43
35,35
35,36
35,37
35,38
35,39
35,40
35,46
35,48
36,36
36,37
36,38
36,39
36,40
36,41
36,42
36,43
36,49
37,37
37,38
37,39
37,40
37,41
37,42
37,66
37,50
37,63
38,38
38,39
38,40
38,41
38,42
38,43
38,49
38,51
38,56
38,58
39,39
39,40
39,41
39,42
39,43
39,76
39,75
39,73
39,59
39,74
40,40
40,41
40,42
40,43
40,44
40,77
40,79
40,104
40,82
40,85
40,55
40,87
40,60
41,48
41,43
41,41
41,42
41,46
41,44
41,52
41,45
41,47
42,68
42,42
42,43
42,44
42,45
42,46
42,48
42,60
42,61
43,43
43,45
43,46
43,44
43,48
43,49
43,51
43,47
44,71
44,45
44,46
44,47
44,48
44,49
44,50
44,51
44,53
44,58
44,44
45,45
45,47
45,48
45,49
45,50
45,51
45,52
45,46
45,54
45,55
45,58
45,53
46,68
46,46
46,47
46,48
46,49
46,50
46,51
46,52
46,62
46,59
46,61
47,80
47,99
47,47
47,48
47,49
47,50
47,51
47,52
47,78
47,86
47,62
48,48
48,49
48,50
48,51
48,52
48,53
48,54
48,55
48,59
49,49
49,52
49,53
49,54
49,55
50,66
50,67
50,50
50,51
50,52
50,53
50,54
50,55
50,56
50,57
50,63
51,64
51,65
51,51
51,52
51,53
51,54
51,55
51,56
51,57
52,65
52,71
52,52
52,53
52,54
52,55
52,56
52,57
52,58
52,79
52,60
53,68
53,53
53,54
53,55
53,56
53,57
53,58
53,59
53,60
53,61
53,62
53,63
54,68
54,69
54,54
54,55
54,56
54,57
54,58
54,59
54,60
54,61
54,62
54,63
55,66
55,87
55,77
55,55
55,56
55,57
55,79
55,60
55,72
56,64
56,65
56,71
56,89
56,88
56,56
56,57
56,58
56,59
56,60
56,61
57,67
57,89
57,61
57,57
57,58
57,59
57,60
57,62
58,64
58,65
58,66
58,67
58,68
58,58
58,59
58,60
58,61
58,62
58,63
59,64
59,65
59,73
59,74
59,75
59,62
59,59
59,60
59,61
59,63
60,64
60,69
60,77
60,79
60,82
60,60
60,61
60,62
60,63
61,64
61,65
61,66
61,67
61,68
61,69
61,73
61,61
61,62
61,63
62,64
62,65
62,99
62,86
62,103
62,107
62,78
62,80
62,62
62,63
63,64
63,65
63,66
63,72
63,63
63,94
63,92
63,67
64,64
64,65
64,66
64,67
64,68
64,69
64,70
64,95
64,88
64,90
64,89
65,65
65,66
65,67
65,68
65,69
65,70
65,71
65,72
65,79
65,87
66,66
66,67
66,68
66,70
66,71
66,72
66,73
66,74
66,77
66,69
67,67
67,68
67,69
67,70
67,71
67,72
67,73
67,90
67,89
67,88
68,68
68,69
68,70
68,71
68,72
68,73
68,75
68,76
68,74
69,70
69,71
69,72
69,74
69,75
69,76
69,73
69,69
70,70
70,71
70,72
70,74
70,75
70,80
70,82
70,99
70,105
70,85
70,73
71,71
71,72
71,73
71,74
71,75
71,77
71,76
71,88
71,97
71,93
72,72
72,73
72,74
72,75
72,76
72,77
72,104
72,92
72,94
73,73
73,74
73,76
73,77
73,78
73,79
73,80
73,81
73,75
74,75
74,74
74,76
74,77
74,78
74,79
74,80
74,81
74,83
74,84
75,75
75,76
75,77
75,78
75,79
75,80
75,81
75,82
75,83
75,84
76,76
76,77
76,78
76,79
76,80
76,81
76,82
76,83
76,84
76,85
76,86
77,81
77,77
77,78
77,79
77,80
77,82
77,92
77,104
77,87
78,96
78,99
78,103
78,78
78,80
78,81
78,82
78,83
78,84
78,85
78,86
78,79
79,79
79,80
79,81
79,82
79,83
79,88
79,104
79,87
80,99
80,80
80,81
80,82
80,83
80,84
80,85
80,86
80,87
81,96
81,81
81,82
81,83
81,84
81,85
81,86
81,87
81,88
81,89
81,126
82,99
82,105
82,82
82,83
82,84
82,85
82,86
82,87
82,108
83,96
83,97
83,107
83,83
83,84
83,85
83,86
83,87
83,88
83,89
83,93
84,96
84,131
84,136
84,84
84,142
84,86
84,87
84,88
84,89
84,90
84,85
85,99
85,105
85,115
85,85
85,86
85,87
85,88
85,89
85,90
85,108
86,99
86,103
86,86
86,87
86,120
86,88
86,90
86,89
86,115
87,105
87,87
87,88
87,89
87,90
87,92
87,104
88,100
88,101
88,89
88,90
88,91
88,92
88,93
88,88
89,98
89,94
89,89
89,90
89,91
89,92
89,93
89,95
90,96
90,100
90,101
90,102
90,110
90,90
90,91
90,92
90,93
90,94
90,95
91,96
91,97
91,98
91,99
91,100
91,129
91,110
91,125
91,93
91,91
91,92
91,94
91,95
92,96
92,97
92,98
92,99
92,95
92,109
92,104
92,118
92,92
92,93
92,94
93,96
93,97
93,98
93,99
93,100
93,105
93,106
93,107
93,108
93,93
93,94
93,95
94,96
94,97
94,98
94,99
94,100
94,129
94,95
94,112
94,122
94,118
94,121
94,94
95,96
95,98
95,99
95,100
95,101
95,97
95,104
95,105
95,103
95,95
96,96
96,97
96,98
96,99
96,100
96,101
96,102
96,107
96,126
97,97
97,98
97,99
97,100
97,101
97,102
97,106
97,103
97,144
97,113
97,153
98,98
98,99
98,100
98,101
98,102
98,103
98,104
98,105
98,110
98,112
98,121
99,99
99,100
99,101
100,100
100,101
100,102
100,103
100,104
100,105
100,106
100,109
100,110
101,101
101,102
101,103
101,104
101,105
101,106
101,107
101,108
101,143
101,113
101,138
102,102
102,103
102,104
102,105
102,106
102,107
102,108
102,109
102,110
102,111
102,114
102,138
102,125
103,128
103,103
103,104
103,105
103,106
103,107
103,108
103,115
103,126
103,120
104,105
104,106
104,107
104,108
104,116
104,104
104,109
105,105
105,106
105,107
105,108
105,109
105,110
105,111
106,106
106,107
106,108
106,109
106,110
106,111
106,112
106,113
106,144
106,148
106,119
107,115
107,107
107,108
107,109
107,110
107,111
107,112
107,113
107,120
108,108
108,109
108,110
108,111
108,112
108,113
108,116
108,114
108,117
109,109
109,110
109,111
109,112
109,113
109,114
109,115
109,116
109,117
109,118
109,120
110,110
110,111
110,112
110,113
110,114
110,115
110,116
110,117
110,122
111,111
111,112
111,113
111,114
111,115
111,116
111,117
111,118
111,119
111,120
111,123
111,127
112,129
112,150
112,130
112,112
112,113
112,114
112,115
112,116
112,118
112,121
112,141
113,113
113,114
113,115
113,116
113,117
113,118
113,119
113,120
113,121
113,123
114,138
114,139
114,114
114,115
114,116
114,117
114,118
114,119
114,148
114,143
114,156
114,125
115,118
115,115
115,116
115,119
115,120
115,123
115,124
115,126
115,117
116,116
116,117
116,118
116,119
116,120
116,121
116,122
116,123
116,124
116,127
117,147
117,134
117,135
117,151
117,117
117,118
117,119
117,120
117,121
117,155
117,127
118,161
118,130
118,141
118,158
118,118
118,119
118,120
118,121
118,122
119,148
119,134
119,144
119,119
119,120
119,121
119,122
119,123
119,124
119,125
119,127
120,128
120,120
120,121
120,122
120,123
120,124
120,125
120,126
121,130
121,135
121,126
121,141
121,121
121,122
121,123
121,124
121,125
121,127
122,128
122,129
122,130
122,139
122,140
122,143
122,126
122,122
122,123
122,124
122,125
122,127
123,128
123,129
123,130
123,131
123,135
123,136
123,123
123,124
123,125
123,126
123,127
124,128
124,129
124,130
124,131
124,132
124,133
124,135
124,136
124,124
124,125
124,126
124,127
125,128
125,129
125,130
125,138
125,139
125,140
125,131
125,125
125,126
125,127
126,128
126,130
126,131
126,132
126,133
126,134
126,129
126,126
126,127
127,128
127,129
127,130
127,131
127,132
127,133
127,134
127,147
127,127
128,128
128,129
128,130
128,131
128,132
128,133
128,134
128,136
128,137
128,138
128,135
129,129
129,130
129,132
129,133
129,140
129,146
129,131
129,134
130,130
130,131
130,132
130,135
130,160
130,141
130,158
130,151
131,131
131,132
131,133
131,181
131,177
131,136
131,168
131,142
131,145
131,149
132,132
132,133
132,134
132,135
132,136
132,137
132,138
132,139
132,140
132,141
132,149
132,152
133,133
133,134
133,135
133,136
133,137
133,138
133,139
133,159
133,147
133,152
133,155
133,157
134,171
134,134
134,135
134,136
134,137
134,138
134,139
134,152
134,154
134,155
134,165
135,160
135,155
135,135
135,136
135,137
135,138
135,139
135,141
135,174
135,151
136,136
136,137
136,138
136,139
136,140
136,142
136,145
136,178
136,149
136,180
137,193
137,137
137,138
137,139
137,140
137,141
137,142
137,143
137,212
137,182
137,157
137,190
137,214
138,138
138,139
138,140
138,141
138,142
138,143
138,144
138,148
139,139
139,140
139,141
139,142
139,143
139,144
139,145
139,148
139,146
140,160
140,140
140,141
140,142
140,143
140,144
140,145
140,146
140,147
140,148
140,150
141,160
141,144
141,141
141,142
141,143
141,145
141,146
141,151
141,158
142,191
142,142
142,143
142,144
142,145
142,146
142,147
142,181
142,148
142,168
142,149
143,146
143,143
143,144
143,145
143,147
143,148
143,149
143,151
143,152
143,153
144,144
144,145
144,146
144,147
144,148
144,149
144,150
144,153
144,154
144,156
145,191
145,177
145,145
145,146
145,147
145,148
145,181
145,150
145,151
145,168
145,149
146,160
146,164
146,166
146,146
146,147
146,148
146,149
146,150
146,151
146,152
146,153
147,149
147,163
147,157
147,147
147,148
147,150
147,151
147,152
147,155
147,159
148,148
148,149
148,150
148,152
148,153
148,154
148,151
149,163
149,149
149,150
149,151
149,152
149,153
149,154
149,168
149,157
150,160
150,164
150,166
150,161
150,167
150,150
150,151
150,152
150,153
150,154
150,155
151,160
151,196
151,151
151,152
151,153
151,154
151,188
151,185
152,163
152,152
152,153
152,154
152,155
152,156
152,157
152,158
152,159
153,165
153,168
153,172
153,175
153,177
153,180
153,154
153,155
153,156
153,153
154,160
154,176
154,165
154,174
154,179
154,154
154,155
154,156
154,157
154,158
154,159
155,160
155,161
155,162
155,163
155,171
155,155
155,156
155,157
155,158
155,159
156,160
156,161
156,162
156,163
156,164
156,176
156,194
156,173
156,195
156,156
156,157
156,158
156,159
157,160
157,161
157,162
157,163
157,164
157,166
157,171
157,165
157,157
157,158
157,159
158,160
158,161
158,163
158,164
158,197
158,166
158,162
158,169
158,201
158,158
158,159
159,160
159,161
159,162
159,163
159,164
159,166
159,167
159,171
159,165
159,178
159,159
160,160
160,161
160,163
160,162
160,165
160,164
161,161
161,162
161,163
161,164
161,165
161,167
161,168
161,169
161,170
161,171
161,166
162,162
162,163
162,164
162,165
162,166
162,208
162,194
162,173
162,176
162,189
162,210
162,195
163,163
163,164
163,165
163,166
163,167
163,171
163,172
163,178
164,164
164,165
164,166
164,167
164,168
164,169
164,170
164,171
164,174
165,165
165,167
165,168
165,172
165,174
165,175
165,176
165,200
165,166
166,166
166,167
166,168
166,169
166,170
166,171
166,172
166,173
166,185
167,167
167,168
167,169
167,170
167,171
167,172
167,173
167,174
167,175
167,184
167,185
167,187
168,168
168,169
168,170
168,171
168,172
168,173
168,174
168,177
168,175
169,290
169,203
169,169
169,170
169,171
169,172
169,173
169,174
169,175
169,205
169,274
169,201
169,218
170,170
170,171
170,172
170,173
170,174
170,175
170,176
170,177
170,178
170,184
170,187
170,189
171,171
171,172
171,173
171,174
171,175
171,178
171,180
172,172
172,173
172,174
172,175
172,176
172,177
172,178
172,179
172,181
172,182
173,208
173,195
173,198
173,194
173,174
173,173
173,176
173,184
173,175
173,189
174,174
174,175
174,176
174,177
174,179
174,183
174,185
174,188
175,175
175,176
175,177
175,178
175,179
175,180
175,181
175,186
175,207
176,195
176,200
176,176
176,177
176,178
176,179
176,180
176,181
176,182
176,183
177,177
177,178
177,179
177,180
177,181
177,182
177,183
177,184
177,186
177,185
178,178
178,179
178,180
178,181
178,182
178,183
178,184
178,185
178,186
178,190
179,195
179,189
179,179
179,180
179,181
179,182
179,183
179,184
179,185
179,187
179,188
179,186
180,192
180,180
180,181
180,182
180,185
180,184
180,186
180,187
180,188
180,183
180,190
181,192
181,181
181,211
181,213
181,182
181,183
181,184
181,185
181,191
182,192
182,193
182,211
182,199
182,182
182,183
182,184
182,185
182,186
182,187
182,190
183,195
183,200
183,183
183,184
183,185
183,186
183,187
183,188
183,189
183,190
183,191
184,194
184,246
184,198
184,241
184,184
184,185
184,186
184,187
184,189
185,185
185,186
185,187
185,188
185,189
185,190
185,191
186,244
186,211
186,232
186,233
186,207
186,245
186,186
186,187
186,188
186,189
187,192
187,193
187,194
187,196
187,199
187,187
187,188
187,189
187,190
187,191
188,192
188,193
188,194
188,195
188,196
188,197
188,201
188,188
188,189
188,190
188,191
189,192
189,193
189,195
189,196
189,198
189,194
189,189
189,190
189,191
190,192
190,193
190,194
190,195
190,196
190,197
190,199
190,206
190,190
190,191
191,192
191,193
191,194
191,195
191,196
191,223
191,191
191,245
191,211
191,213
192,192
192,193
192,194
192,195
192,196
192,197
192,198
192,199
192,200
192,213
192,211
193,193
193,194
193,195
193,196
193,197
193,198
193,199
193,206
193,211
193,212
193,213
194,195
194,196
194,197
194,198
194,199
194,194
194,200
194,201
195,195
195,196
195,197
195,199
195,200
195,201
196,196
196,197
196,198
196,225
196,202
196,203
196,209
196,219
196,218
197,197
197,198
197,199
197,200
197,201
197,202
197,203
197,205
197,241
197,247
197,249
198,198
198,199
198,200
198,201
198,202
198,203
198,204
198,205
198,241
198,246
198,249
199,199
199,200
199,201
199,202
199,203
199,204
199,211
199,222
199,213
199,214
200,200
200,201
200,202
200,203
200,204
200,205
200,207
200,209
200,220
200,221
201,202
201,203
201,204
201,205
201,206
201,207
201,208
201,236
201,201
201,218
202,202
202,203
202,204
202,205
202,206
202,207
202,208
202,209
202,210
202,211
202,216
202,219
202,220
203,230
203,203
203,204
203,205
203,206
203,207
203,208
203,209
203,210
203,218
203,219
204,225
204,229
204,204
204,205
204,206
204,207
204,208
204,209
204,210
204,237
204,216
204,217
204,220
205,205
205,206
205,207
205,208
205,209
205,210
205,274
205,278
205,218
205,247
205,211
206,206
206,207
206,208
206,209
206,210
206,211
206,212
206,213
206,214
206,215
206,216
206,217
207,224
207,228
207,221
207,208
207,209
207,210
207,211
207,207
207,220
207,232
208,227
208,228
208,226
208,208
208,209
208,210
208,211
208,212
208,235
208,231
209,224
209,225
209,209
209,210
209,211
209,212
209,213
209,228
209,219
209,221
210,227
210,231
210,226
210,210
210,211
210,212
210,213
210,246
210,235
210,238
211,213
211,214
211,211
211,212
211,215
212,234
212,212
212,213
212,214
212,215
212,216
212,217
212,218
212,219
212,220
212,221
212,222
213,213
213,223
213,214
213,215
213,216
213,217
213,218
213,219
213,222
214,224
214,225
214,226
214,227
214,214
214,215
214,216
214,217
214,218
214,219
214,220
214,221
214,223
215,243
215,266
215,269
215,222
215,242
215,215
215,216
215,217
215,218
215,219
215,220
215,221
215,234
215,223
216,224
216,225
216,226
216,227
216,216
216,217
216,218
216,219
216,220
216,221
216,222
216,223
217,224
217,225
217,226
217,227
217,229
217,217
217,218
217,219
217,220
217,221
217,222
217,223
218,230
218,236
218,239
218,222
218,218
218,219
218,220
218,221
219,224
219,235
219,230
219,236
219,219
219,220
219,221
219,222
220,224
220,226
220,227
220,228
220,220
220,221
220,222
220,223
221,224
221,225
221,226
221,228
221,232
221,221
221,222
221,223
222,224
222,225
222,234
222,240
222,248
222,242
222,243
222,222
222,223
223,224
223,225
223,226
223,227
223,266
223,269
223,240
223,245
223,248
223,223
224,224
224,225
224,226
224,227
224,228
224,229
224,230
224,232
224,233
225,225
225,226
225,227
225,228
225,230
225,231
225,237
225,229
225,251
226,226
226,227
226,228
226,229
226,230
226,231
226,233
226,235
226,238
227,227
227,228
227,229
227,230
227,231
227,232
227,233
227,235
227,238
228,228
228,229
228,230
228,231
228,234
228,241
228,236
228,240
228,237
228,239
229,229
229,230
229,231
229,232
229,233
229,234
229,235
229,237
229,242
229,258
229,244
229,252
230,230
230,231
230,232
230,233
230,234
230,236
230,239
230,235
230,250
230,247
231,231
231,232
231,233
231,234
231,235
231,236
231,237
231,238
231,239
231,241
231,240
232,232
232,233
232,234
232,235
232,236
232,237
232,238
232,240
232,244
232,239
232,252
233,257
233,233
233,234
233,235
233,236
233,237
233,238
233,239
233,240
233,241
233,259
234,234
234,235
234,236
234,237
234,238
234,269
234,242
234,243
234,281
234,266
235,240
235,235
235,236
235,242
235,238
235,237
235,241
235,239
236,251
236,236
236,237
236,238
236,239
236,240
236,241
236,250
236,247
237,256
237,237
237,238
237,239
237,240
237,241
237,242
237,244
237,252
238,257
238,243
238,242
238,239
238,240
238,241
238,259
238,244
238,238
239,239
239,240
239,241
239,242
239,247
239,260
239,251
239,253
239,250
240,262
240,266
240,240
240,241
240,242
240,243
240,244
240,248
241,290
241,241
241,242
241,278
241,249
241,254
241,255
242,242
242,243
242,244
242,245
242,246
242,249
242,250
242,251
242,247
243,266
243,247
243,269
243,243
243,244
243,245
243,246
243,248
243,249
243,250
243,251
243,252
243,253
244,258
244,244
244,245
244,246
244,247
244,248
244,249
244,251
244,252
244,253
244,250
245,251
245,277
245,262
245,267
245,273
245,245
245,246
245,247
245,248
245,249
245,252
245,250
245,280
246,310
246,294
246,265
246,270
246,248
246,246
246,247
246,249
246,250
246,251
246,252
246,253
247,256
247,247
247,248
247,249
247,250
247,251
247,252
247,253
247,254
248,266
248,267
248,269
248,255
248,254
248,248
248,249
248,250
248,251
248,252
248,253
249,275
249,270
249,249
249,250
249,251
249,252
249,253
249,254
249,255
250,290
250,274
250,250
250,251
250,252
250,253
250,254
250,276
251,256
251,257
251,251
251,252
251,253
251,254
251,255
252,256
252,258
252,260
252,252
252,253
252,254
252,255
253,256
253,257
253,258
253,260
253,261
253,264
253,253
253,254
253,255
254,256
254,257
254,258
254,259
254,294
254,290
254,270
254,275
254,278
254,254
254,255
255,256
255,257
255,258
255,259
255,260
255,261
255,270
255,285
255,275
255,276
255,278
255,255
256,256
256,257
256,258
256,259
256,260
256,261
256,262
256,263
256,264
256,265
256,266
256,267
257,257
257,258
257,259
257,260
257,261
257,262
257,263
257,264
257,272
257,275
257,270
257,265
258,258
258,259
258,260
258,262
258,263
258,264
258,265
258,266
258,267
258,269
258,261
259,259
259,260
259,261
259,262
259,263
259,264
259,266
259,267
259,272
259,275
259,270
259,265
260,260
260,261
260,262
260,263
260,264
260,265
260,266
260,267
260,268
260,272
260,275
261,261
261,262
261,263
261,264
261,265
261,266
261,267
261,268
261,269
261,270
261,271
261,273
262,262
262,263
262,264
262,265
262,266
262,267
262,268
262,269
262,270
262,271
262,272
263,263
263,264
263,265
263,266
263,267
263,268
263,269
263,270
263,271
263,272
263,273
263,277
264,264
264,265
264,266
264,267
264,268
264,269
264,270
264,271
264,272
264,273
265,265
265,266
265,267
265,268
265,270
265,288
265,272
265,310
265,285
266,267
266,269
266,273
266,266
267,267
267,268
267,269
267,273
267,282
267,280
267,277
268,289
268,268
268,269
268,270
268,271
268,272
268,273
268,274
268,302
268,281
268,296
268,293
269,269
269,270
269,271
269,272
269,273
269,280
270,270
270,271
270,272
270,273
270,274
270,276
271,271
271,272
271,273
271,274
271,275
271,276
271,277
271,278
271,279
271,280
271,281
271,282
272,272
272,273
272,274
272,275
272,276
272,277
272,278
272,280
273,292
273,300
273,273
273,274
273,275
273,276
273,280
273,282
274,290
274,298
274,274
274,275
274,276
274,301
274,278
274,279
274,280
274,297
274,277
275,275
275,276
275,277
275,287
275,279
275,280
275,282
275,283
275,281
276,290
276,285
276,276
276,277
276,278
276,279
276,280
276,281
276,283
276,282
276,286
277,288
277,287
277,278
277,279
277,280
277,281
277,282
277,283
277,284
277,285
277,277
278,290
278,294
278,278
278,279
278,280
278,281
278,282
278,283
278,284
278,285
279,288
279,290
279,291
279,292
279,279
279,280
279,281
279,282
279,283
279,284
279,285
279,286
279,287
280,304
280,292
280,305
280,300
280,280
280,281
280,282
281,289
281,315
281,293
281,303
281,281
281,282
281,283
281,284
281,314
281,309
282,289
282,293
282,300
282,282
282,283
282,284
282,285
282,286
282,287
283,288
283,289
283,290
283,291
283,318
283,335
283,313
283,283
283,284
283,285
283,286
283,287
284,288
284,289
284,290
284,291
284,292
284,293
284,294
284,311
284,313
284,284
284,285
284,286
284,287
285,288
285,289
285,290
285,291
285,292
285,293
285,294
285,287
285,285
285,286
286,288
286,289
286,290
286,291
286,292
286,293
286,294
286,295
286,296
286,311
286,313
286,286
286,287
287,288
287,289
287,290
287,291
287,292
287,293
287,294
287,295
287,296
287,311
287,287
288,288
288,289
288,290
288,291
288,292
288,293
288,294
288,295
288,296
288,297
288,313
289,289
289,290
289,291
289,292
289,293
289,294
289,295
289,296
289,302
289,309
290,290
290,291
290,292
290,297
291,291
291,292
291,296
291,329
291,298
291,322
291,302
291,337
291,306
291,308
292,292
292,293
292,305
292,300
292,321
292,304
292,319
292,315
293,293
293,294
293,295
293,296
293,297
293,298
293,302
293,304
293,309
294,310
294,294
294,295
294,296
294,297
294,298
294,317
294,320
294,307
295,323
295,295
295,296
295,297
295,298
295,299
295,300
295,333
295,307
295,343
295,380
295,416
295,413
296,296
296,297
296,298
296,299
296,301
296,302
296,303
296,306
296,309
296,300
297,297
297,298
297,299
297,300
297,301
297,302
297,303
297,304
297,305
297,308
297,311
297,312
298,298
298,299
298,300
298,301
298,302
298,303
298,304
298,305
298,307
298,308
298,306
298,312
299,320
299,328
299,324
299,299
299,300
299,301
299,302
299,303
299,304
299,305
299,306
299,307
299,308
299,333
299,312
300,321
300,300
300,305
300,302
300,301
300,304
300,306
300,307
300,303
300,319
301,320
301,328
301,324
301,301
301,302
301,303
301,304
301,305
301,307
301,308
301,333
301,306
301,312
302,302
302,303
302,304
302,305
302,306
302,307
302,308
302,309
302,310
303,325
303,359
303,303
303,304
303,305
303,306
303,372
303,375
303,314
303,362
303,330
304,304
304,305
304,306
304,307
304,308
304,309
304,315
304,316
304,319
305,321
305,327
305,305
305,306
305,307
305,308
305,332
305,315
305,319
306,322
306,337
306,329
306,306
306,307
306,308
306,309
306,310
306,311
307,320
307,339
307,333
307,307
307,308
307,309
307,310
307,343
307,338
308,322
308,337
308,328
308,308
308,309
308,310
308,311
308,312
308,313
309,322
309,311
309,309
309,310
309,313
309,312
309,314
309,315
309,316
309,317
310,320
310,323
310,324
310,310
310,311
310,312
310,313
310,314
310,315
310,316
310,317
311,320
311,321
311,316
311,319
311,318
311,311
311,312
311,313
311,314
311,315
311,317
312,320
312,321
312,324
312,312
312,313
312,314
312,315
312,316
312,317
312,318
312,319
313,320
313,315
313,316
313,335
313,336
313,318
313,313
313,314
313,317
313,319
314,320
314,325
314,359
314,317
314,330
314,362
314,372
314,314
314,315
314,316
314,318
314,319
315,320
315,321
315,322
315,327
315,317
315,315
315,316
315,318
315,319
316,320
316,321
316,325
316,326
316,330
316,331
316,334
316,316
316,317
316,318
316,319
317,320
317,321
317,322
317,323
317,324
317,328
317,340
317,317
317,318
317,319
318,320
318,321
318,322
318,324
318,335
318,336
318,337
318,323
318,342
318,318
318,319
319,320
319,321
319,322
319,323
319,327
319,332
319,319
320,320
320,321
320,322
320,324
320,328
321,321
321,322
321,323
321,325
321,327
321,332
321,334
321,324
322,322
322,324
322,325
322,326
322,329
322,331
322,337
322,323
322,347
323,323
323,324
323,325
323,326
323,328
323,329
323,327
323,333
323,340
323,350
323,343
323,344
324,324
324,325
324,326
324,327
324,328
324,329
324,330
324,333
324,331
325,325
325,326
325,327
325,328
325,329
325,330
325,331
325,332
325,333
325,334
325,348
325,351
326,326
326,327
326,328
326,329
326,330
326,331
326,332
326,333
326,334
326,335
326,336
326,348
326,356
326,362
327,327
327,328
327,329
327,330
327,331
327,332
327,333
327,334
327,335
327,336
327,349
328,328
328,329
328,330
328,332
328,334
328,333
328,338
328,331
328,335
329,329
329,330
329,331
329,332
329,333
329,334
329,335
329,360
329,337
329,377
330,330
330,331
330,332
330,333
330,334
330,336
330,337
330,338
330,348
330,335
331,331
331,332
331,333
331,334
331,335
331,336
331,337
331,338
331,339
331,348
332,357
332,332
332,333
332,337
332,335
332,336
332,334
332,366
332,365
333,334
333,333
333,336
333,338
333,335
334,334
334,335
334,336
334,337
334,338
334,348
334,349
334,351
335,355
335,363
335,335
335,336
335,337
335,342
335,361
336,355
336,336
336,337
336,338
336,339
336,340
336,341
336,342
336,363
337,338
337,337
337,339
337,341
337,354
337,340
337,347
338,339
338,368
338,376
338,338
338,340
338,341
338,342
338,343
338,344
338,345
338,346
339,353
339,358
339,339
339,340
339,341
339,342
339,343
339,344
339,345
339,346
339,347
339,348
339,349
339,350
340,353
340,354
340,349
340,340
340,341
340,342
340,343
340,344
340,345
340,346
340,347
340,348
340,350
341,384
341,385
341,389
341,358
341,397
341,341
341,342
341,343
341,376
341,345
341,346
341,347
341,348
341,344
342,355
342,374
342,361
342,363
342,342
342,343
342,344
342,345
342,346
342,347
342,348
342,349
343,392
343,387
343,412
343,343
343,344
343,345
343,346
343,347
343,380
343,413
343,348
344,392
344,361
344,395
344,364
344,398
344,344
344,345
344,346
344,347
344,348
344,349
344,350
345,352
345,353
345,380
345,368
345,376
345,345
345,346
345,347
345,348
345,349
345,350
345,351
346,352
346,354
346,388
346,361
346,364
346,346
346,347
346,348
346,349
346,350
346,351
347,353
347,355
347,358
347,354
347,347
347,348
347,349
347,350
347,351
348,356
348,348
348,349
348,350
348,351
349,352
349,353
349,354
349,356
349,357
349,359
349,349
349,350
349,351
350,352
350,353
350,354
350,356
350,357
350,359
350,360
350,355
350,350
350,351
351,352
351,353
351,354
351,355
351,356
351,358
351,359
351,360
351,361
351,357
351,351
352,352
352,353
352,354
352,355
352,356
352,357
352,358
352,359
352,360
352,366
352,367
352,370
352,371
352,373
353,353
353,354
353,355
353,356
353,357
353,358
353,359
353,360
353,361
353,362
353,364
354,354
354,355
354,356
354,357
354,358
354,359
354,360
354,361
354,362
354,363
355,355
355,356
355,357
355,358
355,359
355,360
355,361
355,362
355,363
355,369
356,356
356,357
356,359
356,360
356,361
356,362
356,363
356,364
356,366
356,358
357,357
357,358
357,359
357,360
357,361
357,362
357,363
357,365
357,366
357,367
358,358
358,359
358,360
358,361
358,362
358,363
358,364
358,379
358,368
359,359
359,360
359,361
359,362
359,366
359,372
359,375
360,360
360,418
360,389
360,399
360,385
360,361
360,420
360,410
361,361
361,362
361,363
361,364
361,365
361,366
362,362
362,363
362,364
362,365
362,366
362,375
362,377
362,367
363,368
363,363
363,364
363,365
363,366
363,369
363,371
363,374
363,367
364,395
364,392
364,364
364,365
364,366
364,367
364,368
364,369
364,370
364,371
364,380
365,402
365,391
365,365
365,366
365,367
365,368
365,369
365,370
365,371
365,372
365,373
365,374
365,383
366,366
366,367
366,368
366,369
366,370
366,372
366,374
366,375
366,376
367,386
367,367
367,368
367,369
367,370
367,371
367,372
367,373
367,374
367,375
367,376
367,394
368,384
368,385
368,370
368,368
368,369
368,371
368,372
368,373
368,374
368,379
368,380
369,388
369,390
369,369
369,370
369,371
369,372
369,373
369,374
369,378
369,395
369,381
369,383
370,390
370,370
370,371
370,372
370,373
370,374
370,375
370,376
370,377
370,378
370,379
370,383
371,390
371,371
371,372
371,373
371,374
371,375
371,376
371,377
371,378
371,379
371,383
372,393
372,394
372,372
372,373
372,374
372,375
372,376
372,409
372,382
373,390
373,391
373,394
373,373
373,374
373,375
373,376
373,377
373,378
373,379
373,383
374,388
374,374
374,390
374,375
374,376
374,378
374,381
374,383
375,379
375,393
375,375
375,376
375,377
375,378
375,380
375,394
375,382
376,384
376,387
376,389
376,396
376,376
376,378
376,377
376,397
377,384
377,425
377,383
377,403
377,429
377,377
377,378
377,379
377,380
377,381
377,382
377,426
378,384
378,390
378,401
378,394
378,403
378,378
378,379
378,380
378,381
378,382
378,383
379,384
379,385
379,387
379,389
379,395
379,397
379,379
379,380
379,381
379,382
379,383
380,384
380,385
380,386
380,387
380,396
380,397
380,383
380,380
380,381
380,382
381,384
381,385
381,386
381,387
381,388
381,389
381,390
381,391
381,395
381,400
381,381
381,382
381,383
382,384
382,385
382,386
382,387
382,388
382,393
382,426
382,419
382,403
382,414
382,382
382,383
383,384
383,385
383,386
383,387
383,389
383,392
383,383
384,384
384,385
384,386
384,387
384,388
384,389
384,390
384,391
384,396
385,385
385,386
385,387
385,388
385,389
385,390
385,391
385,399
385,392
385,408
386,386
386,387
386,388
386,389
386,390
386,460
386,491
386,428
386,486
386,435
386,405
386,463
387,387
387,388
387,389
387,390
387,391
387,392
387,393
387,396
387,397
388,388
388,389
388,390
388,391
388,392
388,393
388,394
388,395
388,401
388,400
389,389
389,390
389,391
389,393
389,394
389,395
389,397
389,392
390,390
390,391
390,392
390,393
390,395
390,396
391,391
391,392
391,393
391,394
391,395
391,396
391,401
391,402
391,404
391,407
392,392
392,393
392,394
392,395
392,398
392,424
392,421
392,423
392,413
393,393
393,394
393,395
393,396
393,397
393,419
393,414
393,440
393,409
393,436
394,394
394,395
394,396
394,397
394,398
394,402
394,407
394,404
394,399
395,395
395,397
395,398
395,399
395,400
395,402
395,396
396,396
396,397
396,398
396,399
396,400
396,408
396,402
396,401
396,412
396,413
397,397
397,398
397,399
397,400
397,401
397,402
397,403
397,404
397,406
398,421
398,398
398,399
398,400
398,401
398,402
398,403
398,404
398,405
398,406
398,412
398,413
398,415
399,418
399,420
399,422
399,425
399,399
399,400
399,401
399,402
399,403
399,404
399,405
399,410
400,400
400,401
400,402
400,403
400,404
400,405
400,406
400,407
400,408
400,409
400,410
400,415
401,432
401,401
401,402
401,403
401,404
401,405
401,406
401,407
401,408
401,411
401,415
402,432
402,427
402,402
402,403
402,404
402,405
402,406
402,407
402,409
403,429
403,433
403,425
403,426
403,403
403,404
403,405
403,406
403,407
403,410
404,404
404,405
404,406
404,407
404,408
404,409
404,410
404,411
404,426
404,429
405,452
405,486
405,460
405,491
405,428
405,435
405,405
405,406
405,407
405,408
405,463
406,418
406,421
406,423
406,406
406,407
406,408
406,409
406,410
406,411
406,412
406,415
407,432
407,452
407,427
407,435
407,407
407,408
407,409
407,410
407,411
407,412
408,418
408,438
408,422
408,417
408,459
408,408
408,409
408,410
408,411
408,412
408,442
409,409
409,419
409,436
409,433
409,435
409,410
409,411
409,412
409,413
409,414
409,415
410,416
410,425
410,426
410,429
410,410
410,411
410,412
410,413
410,414
410,415
411,416
411,417
411,443
411,441
411,457
411,427
411,432
411,411
411,412
411,413
411,414
411,415
412,416
412,417
412,418
412,419
412,420
412,421
412,412
412,413
412,414
412,415
413,416
413,417
413,418
413,419
413,420
413,421
413,423
413,413
413,414
413,415
414,416
414,417
414,418
414,419
414,420
414,447
414,461
414,436
414,414
414,475
414,440
414,415
415,416
415,417
415,418
415,419
415,420
415,421
415,432
415,439
415,415
416,416
416,417
416,418
416,419
416,420
416,421
416,422
416,424
416,423
416,430
416,449
416,446
417,417
417,418
417,419
417,420
417,421
417,422
417,423
417,424
417,425
417,430
417,446
417,442
418,418
418,419
418,420
418,421
418,422
418,423
418,425
418,426
418,424
419,419
419,420
419,421
419,422
419,423
419,426
419,433
419,435
419,436
420,420
420,421
420,422
420,423
420,425
420,424
420,438
420,442
420,431
421,421
421,422
421,423
421,425
421,426
421,477
421,424
421,449
422,422
422,423
422,424
422,425
422,426
422,427
422,428
422,429
422,438
422,442
422,431
423,423
423,425
423,426
423,427
423,428
423,430
423,424
423,442
423,446
424,425
424,426
424,427
424,428
424,429
424,430
424,431
424,424
424,437
424,442
424,446
425,425
425,426
425,427
425,428
425,429
425,430
425,431
425,444
426,426
426,427
426,428
426,429
426,430
426,431
426,433
427,452
427,486
427,427
427,428
427,429
427,430
427,431
427,432
427,433
427,435
427,463
428,491
428,486
428,428
428,429
428,430
428,431
428,432
428,435
428,495
428,463
428,460
429,435
429,430
429,429
429,432
429,433
429,434
429,437
429,436
429,431
430,450
430,430
430,431
430,432
430,433
430,434
430,435
430,442
430,449
430,446
431,451
431,454
431,431
431,432
431,433
431,434
431,435
431,438
431,444
431,445
432,439
432,433
432,432
432,435
432,436
432,437
432,438
432,440
432,434
433,435
433,433
433,434
433,436
433,437
433,438
433,439
433,440
433,442
433,443
434,448
434,434
434,435
434,436
434,437
434,438
434,439
434,440
434,441
434,442
434,443
434,444
434,445
434,447
435,441
435,439
435,435
435,438
435,440
435,437
436,441
436,452
436,458
436,436
436,437
436,438
436,439
436,440
436,442
436,443
436,447
437,450
437,472
437,453
437,473
437,468
437,437
437,438
437,439
437,440
437,441
437,477
437,446
438,440
438,456
438,459
438,438
438,439
438,441
438,442
438,443
438,445
439,454
439,456
439,457
439,439
439,440
439,441
439,442
439,443
439,444
439,445
439,446
440,452
440,455
440,458
440,440
440,441
440,442
440,443
440,444
440,447
441,443
441,455
441,457
441,471
441,467
441,441
441,442
441,444
441,445
441,446
441,447
442,442
442,443
442,444
442,446
442,447
443,448
443,443
443,456
443,457
443,479
443,467
443,444
443,445
443,446
443,447
444,448
444,449
444,450
444,451
444,452
444,453
444,454
444,444
444,445
444,446
444,447
445,448
445,449
445,450
445,451
445,456
445,459
445,466
445,464
445,469
445,445
445,446
445,447
446,450
446,451
446,452
446,449
446,448
446,446
446,447
447,448
447,449
447,450
447,451
447,452
447,455
447,458
447,461
447,447
448,448
448,449
448,450
448,451
448,452
448,453
448,454
448,455
448,456
448,457
448,462
448,478
448,471
449,450
449,451
449,452
449,454
449,449
449,456
449,457
449,453
449,455
449,464
449,468
450,450
450,451
450,452
450,453
450,454
450,455
450,456
450,457
450,469
450,464
450,472
451,451
451,452
451,453
451,454
451,455
451,456
451,457
451,458
451,462
451,478
451,471
452,452
452,453
452,454
452,455
452,456
452,457
452,458
453,453
453,454
453,455
453,456
453,457
453,458
453,459
453,468
453,472
453,473
453,477
453,490
454,454
454,455
454,456
454,457
454,458
454,459
454,460
454,461
454,462
454,463
455,455
455,456
455,457
455,458
455,459
455,460
455,461
455,463
455,464
456,456
456,457
456,458
456,459
456,470
456,466
456,467
457,457
457,458
457,487
457,484
457,467
457,481
458,482
458,458
458,459
458,460
458,461
458,462
458,463
458,464
458,488
459,470
459,459
459,460
459,461
459,462
459,463
459,464
459,466
459,474
459,476
460,491
460,486
460,460
460,461
460,462
460,463
460,464
460,497
460,466
460,467
460,468
460,495
461,488
461,492
461,461
461,462
461,463
461,464
461,465
461,466
461,475
462,480
462,462
462,463
462,464
462,465
462,466
462,467
462,468
462,469
462,471
462,478
462,479
463,486
463,463
463,464
463,465
463,466
463,467
463,489
463,491
464,483
464,464
464,465
464,466
464,467
464,469
464,472
464,477
464,476
465,496
465,465
465,466
465,467
465,468
465,469
465,470
465,471
465,476
466,466
466,467
466,468
466,469
466,470
466,471
466,474
466,476
466,478
467,480
467,467
467,468
467,469
467,470
467,471
467,472
467,474
467,479
468,483
468,490
468,468
468,470
468,471
468,472
468,473
468,474
468,475
468,477
468,469
469,483
469,469
469,470
469,471
469,472
469,473
469,474
469,475
469,476
470,480
470,484
470,470
470,471
470,472
470,473
470,474
470,475
470,476
470,477
470,478
470,479
471,480
471,473
471,471
471,472
471,474
471,475
471,476
471,478
471,479
472,480
472,481
472,479
472,472
472,473
472,474
472,475
472,476
472,478
473,480
473,481
473,483
473,490
473,493
473,475
473,473
473,474
473,479
473,476
473,477
473,478
474,480
474,481
474,482
474,484
474,474
474,475
474,476
474,477
474,478
474,479
475,478
475,488
475,492
475,475
475,476
475,477
476,480
476,481
476,476
476,477
476,478
476,479
477,480
477,481
477,482
477,483
477,484
477,490
477,479
477,477
477,478
478,480
478,484
478,486
478,481
478,483
478,478
478,479
479,480
479,481
479,482
479,483
479,486
479,488
479,489
479,479
480,480
480,481
480,482
480,483
480,484
480,486
480,488
480,489
481,481
481,482
481,483
482,482
482,483
482,484
482,485
482,486
482,487
482,488
482,492
483,483
483,484
483,485
483,486
483,487
483,488
483,493
483,498
484,484
484,485
484,486
484,487
484,488
484,490
484,491
484,489
485,485
485,486
485,487
485,488
485,489
485,490
485,491
485,492
485,493
486,486
486,487
486,488
486,490
486,489
486,491
487,487
487,488
487,490
487,491
487,492
487,493
487,489
488,488
488,489
488,492
488,490
489,489
489,490
489,491
489,492
489,493
489,494
489,497
490,490
490,491
490,492
490,493
490,494
490,495
490,498
491,491
491,493
491,494
491,497
491,495
491,492
492,492
492,494
492,493
492,496
492,495
493,493
493,494
493,495
493,496
493,497
493,498
494,494
494,495
494,496
494,497
495,495
495,497
495,498
496,497
496,496
496,498
497,497
497,498
