0,0
0,1
0,2
0,3
0,4
0,5
0,6
0,7
0,8
0,9
0,10
0,76
0,45
0,47
0,62
0,69
0,61
0,30
0,31
1,1
1,2
1,3
1,4
1,5
1,6
1,7
1,8
1,9
1,10
1,11
1,34
1,15
1,17
1,18
1,35
1,21
1,26
2,2
2,3
2,4
2,5
2,6
2,7
2,8
2,9
2,10
2,11
2,12
2,13
2,14
2,15
2,16
2,19
2,23
3,3
3,4
3,5
3,6
3,7
3,8
3,9
3,10
3,44
3,45
3,14
3,47
3,16
3,46
3,33
3,37
4,4
4,5
4,6
4,7
4,8
4,9
4,10
4,11
4,34
4,15
4,23
4,24
4,39
4,26
4,29
5,5
5,6
5,7
5,8
5,9
5,10
5,11
5,12
5,66
5,40
5,19
5,43
5,23
5,58
6,6
6,7
6,8
6,9
6,10
6,64
6,50
6,83
6,20
6,32
6,54
6,38
6,28
7,7
7,8
7,9
7,10
7,11
7,12
7,13
7,14
7,15
7,19
7,25
7,30
8,8
8,9
8,10
8,11
8,12
8,13
8,14
8,15
8,16
8,17
8,18
9,9
9,10
9,11
9,12
9,34
9,15
9,23
9,24
9,26
9,29
10,10
10,11
10,12
10,13
10,14
10,15
10,16
10,17
10,19
11,11
11,12
11,13
11,14
11,15
11,16
11,17
11,18
11,19
11,21
11,22
12,12
12,13
12,14
12,15
12,16
12,17
12,18
12,19
12,20
12,21
12,24
12,27
13,92
13,13
13,14
13,15
13,16
13,17
13,50
13,110
13,54
13,89
13,58
13,91
13,28
14,33
14,37
14,41
14,14
14,15
14,16
14,17
14,18
14,46
14,45
14,44
15,15
15,16
15,17
15,18
15,19
15,20
15,21
15,22
16,33
16,37
16,44
16,16
16,17
16,18
16,19
16,46
16,45
16,47
17,34
17,35
17,36
17,17
17,18
17,19
17,20
17,21
17,22
17,26
18,35
18,36
18,49
18,18
18,19
18,20
18,21
18,22
18,23
18,59
18,60
19,19
19,20
19,21
19,22
19,23
19,24
19,25
19,26
19,27
20,32
20,64
20,83
20,38
20,72
20,20
20,21
20,22
20,23
20,24
20,25
20,84
20,53
21,21
21,22
21,23
21,24
21,25
21,26
21,27
21,28
21,29
21,30
21,31
22,35
22,37
22,22
22,23
22,24
22,25
22,26
22,27
22,28
22,29
22,30
22,31
23,34
23,23
23,24
23,25
23,26
23,27
23,28
23,29
23,30
23,31
24,34
24,39
24,40
24,24
24,25
24,26
24,27
24,28
24,29
24,30
24,31
25,32
25,33
25,34
25,41
25,42
25,25
25,26
25,27
25,28
25,29
25,30
25,31
26,32
26,37
26,38
26,33
26,36
26,27
26,28
26,29
26,30
26,31
27,32
27,36
27,39
27,63
27,48
27,56
27,52
27,27
27,28
27,29
27,53
28,91
28,38
28,54
28,92
28,87
28,89
28,28
28,29
28,30
28,31
29,32
29,33
29,34
29,35
29,38
29,39
29,29
29,30
29,31
30,32
30,34
30,35
30,33
30,41
30,42
30,37
30,30
30,31
31,32
31,34
31,35
31,37
31,33
31,41
31,42
31,44
31,31
32,32
32,33
32,34
32,35
32,36
32,37
32,39
32,38
32,48
32,40
32,50
33,33
33,34
33,36
33,37
33,38
33,44
33,35
33,46
33,55
33,51
34,34
34,35
34,37
34,38
34,40
34,41
34,36
35,35
35,36
35,37
35,38
35,40
35,39
35,55
35,49
35,59
36,36
36,37
36,38
36,39
36,40
36,41
36,42
36,43
36,44
36,48
36,49
37,37
37,38
37,39
37,40
37,41
37,42
37,43
38,39
38,40
38,41
38,42
38,43
38,50
38,53
38,38
39,39
39,40
39,41
39,42
39,43
39,44
39,45
39,46
39,47
39,48
40,40
40,41
40,42
40,43
40,44
40,66
40,80
40,68
40,58
40,74
41,41
41,42
41,43
41,44
41,45
41,48
41,49
41,50
41,46
42,65
42,66
42,42
42,43
42,44
42,45
42,46
42,47
42,48
42,61
43,66
43,67
43,43
43,44
43,45
43,46
43,47
43,73
43,68
43,58
43,74
44,44
44,45
44,47
44,49
44,50
44,52
44,48
44,46
45,48
45,45
45,47
45,49
45,50
45,52
45,46
45,54
45,55
45,53
46,48
46,47
46,49
46,50
46,52
46,46
46,54
46,55
46,53
47,48
47,47
47,49
47,50
47,51
47,52
47,53
47,54
47,55
47,56
48,48
48,49
48,50
48,51
48,52
48,53
48,54
48,55
48,56
49,49
49,51
49,52
49,53
49,54
49,55
49,56
49,59
49,60
49,50
50,64
50,50
50,51
50,52
50,53
50,54
50,56
50,58
51,69
51,70
51,71
51,75
51,51
51,52
51,53
51,54
51,55
51,56
51,57
51,58
51,59
51,62
52,59
52,72
52,52
52,53
52,54
52,55
52,56
52,57
52,58
52,63
53,64
53,57
53,53
53,54
53,55
53,56
53,58
53,63
54,64
54,68
54,73
54,54
54,55
54,56
54,58
55,98
55,86
55,97
55,75
55,55
55,56
55,94
55,101
56,65
56,59
56,56
56,57
56,58
56,60
56,61
56,62
56,63
57,64
57,65
57,69
57,70
57,71
57,75
57,78
57,79
57,57
57,58
57,59
57,60
57,61
57,62
57,63
58,68
58,73
58,58
58,59
58,60
58,61
58,62
58,63
59,64
59,65
59,66
59,68
59,69
59,67
59,59
59,60
59,61
59,62
59,63
60,64
60,65
60,66
60,67
60,68
60,69
60,97
60,77
60,86
60,60
60,61
60,62
60,63
61,64
61,66
61,67
61,69
61,65
61,76
61,79
61,81
61,85
61,61
61,62
61,63
62,64
62,66
62,67
62,68
62,69
62,70
62,65
62,76
62,79
62,62
62,63
63,64
63,65
63,66
63,68
63,72
63,95
63,93
63,67
63,63
64,64
64,65
64,66
64,67
64,68
64,72
64,73
64,83
65,65
65,66
65,67
65,68
65,69
65,70
65,104
65,80
65,74
65,90
66,66
66,67
66,68
66,70
66,80
66,74
66,69
66,90
67,67
67,68
67,69
67,70
67,71
67,72
67,77
67,97
67,86
67,90
68,68
68,69
68,70
68,73
68,77
68,80
68,90
69,69
69,70
69,71
69,72
69,73
69,74
69,76
69,79
70,70
70,71
70,72
70,73
70,74
70,75
70,76
70,77
70,78
70,79
70,80
71,96
71,98
71,71
71,72
71,73
71,74
71,75
71,76
71,77
71,78
71,79
71,80
71,82
71,126
72,84
72,72
72,73
72,74
72,75
72,76
72,77
72,78
72,83
72,88
72,93
73,75
73,73
73,74
73,76
73,77
73,78
73,79
73,80
73,87
73,91
74,75
74,112
74,74
74,76
74,77
74,78
74,79
74,80
74,90
74,109
75,83
75,75
75,76
75,77
75,78
75,79
75,80
75,81
75,82
75,85
75,86
76,76
76,77
76,78
76,79
76,80
76,81
76,82
76,83
76,85
77,77
77,78
77,79
77,80
77,81
77,82
77,90
77,93
77,95
78,96
78,98
78,78
78,79
78,80
78,81
78,82
78,83
78,84
78,126
79,79
79,80
79,81
79,82
79,83
79,84
79,86
80,102
80,80
80,81
80,82
80,83
80,90
81,81
81,82
81,83
81,84
81,85
81,86
81,87
81,88
81,89
81,90
81,91
81,94
82,82
82,83
82,84
82,85
82,86
82,87
82,88
82,89
82,90
82,91
82,94
83,99
83,83
83,85
83,86
83,87
83,88
83,84
83,117
84,99
84,89
84,85
84,86
84,87
84,88
84,84
84,90
84,91
84,92
84,93
84,117
85,96
85,98
85,93
85,85
85,86
85,87
85,88
85,89
85,90
85,91
85,92
85,94
86,97
86,101
86,104
86,86
86,88
86,89
86,87
86,90
86,94
87,96
87,100
87,92
87,87
87,88
87,89
87,90
87,91
87,93
87,94
87,95
88,148
88,99
88,90
88,127
88,88
88,89
88,122
88,91
88,92
88,93
88,117
89,123
89,132
89,135
89,92
89,142
89,110
89,89
89,90
89,91
89,93
90,102
90,90
90,91
90,92
91,123
91,132
91,134
91,110
91,92
91,91
91,93
91,94
92,96
92,97
92,123
92,92
92,110
92,125
92,114
92,93
92,94
92,95
93,96
93,97
93,98
93,99
93,100
93,101
93,95
93,93
93,94
94,96
94,97
94,98
94,99
94,100
94,102
94,103
94,105
94,94
94,95
95,96
95,97
95,98
95,99
95,100
95,101
95,102
95,103
95,104
95,105
95,106
95,107
95,95
96,96
96,97
96,98
96,99
96,100
96,101
96,102
96,103
96,107
96,116
96,121
97,97
97,98
97,100
97,101
97,102
97,103
97,104
97,111
97,99
97,105
98,98
98,99
98,100
98,101
98,102
98,104
98,105
98,103
98,126
98,107
99,99
99,100
99,101
99,102
99,103
99,104
99,117
99,118
99,122
99,127
100,100
100,101
100,102
100,103
100,104
100,105
100,106
100,108
100,113
100,114
100,117
101,101
101,102
101,103
101,104
101,105
101,106
101,119
101,129
101,111
101,128
102,102
102,103
102,104
102,105
102,106
102,107
102,108
102,113
102,114
103,103
103,104
103,105
103,106
103,139
103,108
103,130
103,145
103,118
103,133
104,104
104,105
104,106
104,108
104,109
104,110
104,111
104,112
104,107
105,105
105,106
105,107
105,109
105,112
105,115
105,116
105,120
105,121
105,124
106,133
106,130
106,139
106,106
106,107
106,108
106,109
106,110
106,111
106,112
106,145
106,118
107,107
107,108
107,109
107,110
107,111
107,112
107,113
107,114
107,115
107,116
107,120
107,121
108,108
108,109
108,110
108,111
108,112
108,113
108,114
108,115
108,116
108,117
108,118
108,119
108,125
109,109
109,110
109,111
109,112
109,113
109,114
109,115
109,116
109,117
109,118
109,120
109,121
109,124
110,123
110,132
110,134
110,135
110,110
110,112
110,113
110,114
110,115
110,111
111,128
111,129
111,140
111,111
111,112
111,113
111,114
111,115
111,116
111,119
111,160
112,112
112,113
112,114
112,115
112,116
112,117
112,118
112,119
112,120
112,122
113,133
113,136
113,113
113,114
113,115
113,116
113,117
113,118
113,119
113,120
113,125
114,134
114,136
114,137
114,114
114,115
114,116
114,117
114,118
114,143
115,131
115,115
115,116
115,117
115,118
115,119
115,120
115,121
115,122
115,124
116,116
116,117
116,118
116,119
116,120
116,121
116,122
116,123
116,125
117,118
117,117
117,119
117,122
117,125
117,120
117,127
118,130
118,133
118,139
118,118
118,119
118,120
118,121
118,151
119,128
119,129
119,130
119,119
119,120
119,121
119,122
119,123
119,124
119,133
120,128
120,120
120,121
120,122
120,123
120,124
120,125
120,126
120,127
121,128
121,130
121,132
121,129
121,121
121,122
121,123
121,124
121,125
121,127
122,148
122,122
122,151
122,162
122,152
122,123
122,124
122,125
122,126
122,127
123,128
123,129
123,123
123,132
123,134
123,135
123,124
123,125
123,126
123,127
124,128
124,129
124,130
124,131
124,132
124,138
124,153
124,124
124,125
124,126
124,127
125,128
125,129
125,130
125,132
125,134
125,135
125,125
125,126
125,127
126,128
126,129
126,131
126,132
126,156
126,130
126,144
126,147
126,154
126,126
126,127
127,128
127,129
127,130
127,162
127,152
127,131
127,148
127,151
127,127
128,128
128,129
128,130
128,131
128,132
128,139
128,140
128,145
128,160
129,129
129,130
129,131
129,132
129,133
129,140
129,144
129,145
129,149
130,130
130,131
130,132
130,133
130,134
130,139
130,145
130,160
131,131
131,132
131,133
131,134
131,135
131,136
131,137
131,149
131,144
131,156
131,147
131,154
132,132
132,133
132,134
132,135
132,136
132,137
132,141
133,133
133,134
133,136
133,137
133,135
133,140
133,141
133,142
133,139
133,138
134,134
134,135
134,136
134,137
134,138
134,139
134,140
134,141
134,143
134,144
135,135
135,136
135,137
135,138
135,139
135,140
135,141
135,143
135,157
135,148
135,142
136,136
136,137
136,138
136,139
136,140
136,141
136,142
136,143
136,144
136,145
136,167
136,159
137,137
137,138
137,139
137,140
137,141
137,142
137,143
137,144
137,145
137,150
137,155
137,158
138,198
138,138
138,139
138,140
138,141
138,142
138,143
138,144
138,189
138,206
138,170
138,207
138,167
139,160
139,139
139,140
139,141
139,142
139,143
139,144
139,145
140,171
140,140
140,141
140,161
140,144
140,142
140,143
140,156
140,166
141,141
141,142
141,143
141,144
141,145
141,146
141,147
141,150
141,155
141,158
142,142
142,143
142,144
142,145
142,146
142,147
142,169
142,155
142,158
142,165
143,143
143,144
143,145
143,147
143,148
143,149
143,170
143,167
143,146
144,161
144,144
144,145
144,146
144,149
144,154
144,156
145,145
145,146
145,147
145,148
145,149
145,150
145,151
146,164
146,165
146,178
146,169
146,146
146,147
146,180
146,149
146,150
146,151
146,152
146,148
146,175
146,153
147,197
147,176
147,147
147,148
147,149
147,150
147,151
147,152
147,153
147,179
147,156
147,154
148,162
148,152
148,163
148,148
148,149
148,150
148,151
148,153
148,155
148,156
148,154
149,166
149,161
149,170
149,149
149,150
149,151
149,152
149,153
149,154
149,155
149,156
150,188
150,178
150,167
150,177
150,150
150,151
150,152
150,153
150,154
150,155
150,156
150,158
151,162
151,163
151,157
151,151
151,152
151,153
151,155
151,156
151,154
151,158
152,163
152,187
152,183
152,159
152,157
152,184
152,152
152,155
152,156
152,154
152,158
153,220
153,179
153,156
153,172
153,223
153,154
153,153
153,217
153,155
153,157
153,158
153,159
154,160
154,166
154,172
154,158
154,154
154,155
154,156
154,157
154,159
155,160
155,169
155,167
155,177
155,155
155,156
155,157
155,158
155,159
156,160
156,161
156,158
156,156
156,157
156,159
157,160
157,161
157,162
157,163
157,164
157,165
157,168
157,169
157,174
157,157
157,158
157,159
158,160
158,161
158,162
158,163
158,164
158,166
158,158
158,159
159,160
159,161
159,162
159,163
159,164
159,165
159,166
159,169
159,174
159,168
159,159
160,160
160,163
160,164
160,165
160,161
160,168
160,162
160,173
160,171
161,161
161,162
161,163
161,164
161,165
161,166
161,167
161,168
161,171
161,173
161,200
162,162
162,163
162,164
162,166
162,167
162,170
162,171
162,172
162,173
162,176
163,163
163,164
163,165
163,166
163,167
163,205
163,184
163,190
163,187
163,216
164,164
164,165
164,166
164,167
164,168
164,169
164,170
164,175
164,180
164,181
164,182
165,165
165,166
165,167
165,168
165,169
165,170
165,171
165,172
165,178
165,175
165,180
166,166
166,167
166,168
166,172
166,170
166,173
166,176
166,179
166,169
167,167
167,169
167,171
167,172
167,177
167,168
167,188
167,170
168,168
168,169
168,170
168,171
168,172
168,173
168,174
168,193
168,183
168,191
168,190
169,169
169,170
169,171
169,172
169,173
169,175
169,176
169,179
169,174
170,198
170,171
170,172
170,173
170,174
170,176
170,189
170,175
170,170
171,195
171,171
171,173
171,174
171,175
171,176
171,200
171,172
171,201
171,202
172,198
172,203
172,172
172,173
172,174
172,175
172,176
172,179
172,207
173,173
173,174
173,175
173,176
173,177
173,178
173,179
173,201
173,200
173,202
174,191
174,174
174,175
174,176
174,177
174,178
174,179
174,182
174,183
174,187
174,190
175,178
175,175
175,176
175,177
175,179
175,180
175,181
175,182
175,183
175,184
176,203
176,198
176,200
176,176
176,177
176,178
176,180
176,179
176,197
177,192
177,182
177,177
177,178
177,179
177,180
177,181
177,183
177,184
177,185
177,186
177,188
178,178
178,179
178,180
178,181
178,183
178,184
178,185
178,186
178,187
178,188
178,182
179,212
179,179
179,180
179,181
179,182
179,183
179,217
179,220
180,180
180,181
180,182
180,183
180,184
180,185
180,187
180,188
180,189
180,190
180,191
181,185
181,199
181,181
181,182
181,183
181,184
181,196
181,186
181,187
181,188
181,189
181,190
181,191
182,192
182,193
182,194
182,195
182,197
182,198
182,182
182,183
182,184
182,185
182,189
183,193
183,194
183,187
183,183
183,185
183,186
183,184
183,188
183,190
184,187
184,205
184,208
184,185
184,186
184,184
184,188
184,189
184,190
184,191
185,193
185,194
185,195
185,197
185,198
185,200
185,185
185,186
185,187
185,188
185,189
185,190
186,192
186,213
186,196
186,199
186,234
186,208
186,211
186,186
186,187
186,188
186,189
186,190
186,191
187,192
187,193
187,196
187,195
187,187
187,188
187,189
187,190
187,191
188,192
188,193
188,194
188,204
188,188
188,189
188,190
188,191
189,224
189,227
189,198
189,203
189,206
189,207
189,189
189,190
189,191
190,192
190,193
190,194
190,196
190,195
190,190
190,191
191,192
191,193
191,194
191,195
191,196
191,197
191,204
191,208
191,191
192,192
192,193
192,194
192,195
192,196
192,197
192,198
192,236
192,229
192,210
192,213
192,215
193,193
193,194
193,195
193,196
193,197
193,198
193,201
193,219
193,216
193,218
194,194
194,195
194,196
194,197
194,198
194,199
194,200
194,201
194,204
194,205
194,208
195,195
195,196
195,197
195,198
195,199
195,201
195,202
195,226
195,219
195,235
196,196
196,197
196,198
196,199
196,200
196,201
196,234
196,213
196,236
196,248
197,197
197,198
197,199
197,232
197,233
197,231
197,247
197,217
197,214
198,198
198,199
198,200
198,203
198,209
198,207
199,199
199,200
199,201
199,202
199,203
199,204
199,205
199,236
199,248
199,251
199,234
199,213
200,203
200,200
200,201
200,202
200,204
200,206
200,205
200,210
200,207
200,208
201,201
201,202
201,204
201,206
201,205
201,208
201,209
201,210
201,203
201,207
201,219
202,207
202,202
202,204
202,206
202,205
202,208
202,209
202,210
202,211
202,212
202,203
202,219
202,221
203,208
203,203
203,205
203,206
203,207
203,209
203,210
203,211
203,204
203,213
203,214
204,204
204,205
204,206
204,207
204,208
204,209
204,210
204,211
204,212
204,215
204,218
205,228
205,205
205,206
205,207
205,208
205,209
205,210
205,218
205,216
205,222
206,240
206,227
206,230
206,241
206,206
206,207
206,208
206,209
206,210
206,245
206,215
207,207
207,208
207,209
207,210
207,211
207,213
207,214
207,212
208,208
208,209
208,210
208,211
208,212
208,213
208,216
209,224
209,230
209,209
209,210
209,211
209,212
209,213
209,214
209,215
209,221
210,240
210,229
210,241
210,210
210,236
210,215
210,251
210,213
211,226
211,229
211,211
211,212
211,213
211,214
211,215
211,216
211,217
211,219
211,220
211,218
212,224
212,225
212,230
212,212
212,213
212,214
212,215
212,216
212,217
212,218
212,219
212,220
213,229
213,213
213,214
213,215
213,216
213,217
213,219
213,218
214,246
214,231
214,232
214,233
214,214
214,215
214,216
214,217
214,218
214,219
214,220
214,247
215,229
215,236
215,215
215,216
215,217
215,218
215,219
215,220
215,221
215,222
216,228
216,235
216,216
216,217
216,218
216,219
216,220
216,221
216,222
216,223
217,224
217,225
217,218
217,231
217,217
217,219
217,220
217,221
217,222
217,223
218,224
218,226
218,228
218,218
218,219
218,220
218,221
218,222
218,223
219,226
219,235
219,237
219,239
219,219
219,220
219,221
220,224
220,225
220,226
220,244
220,243
220,221
220,220
220,222
220,223
221,224
221,225
221,226
221,262
221,230
221,252
221,237
221,245
221,221
221,222
221,223
222,224
222,225
222,226
222,227
222,228
222,229
222,263
222,257
222,256
222,238
222,222
222,223
223,224
223,225
223,226
223,227
223,229
223,230
223,231
223,258
223,243
223,244
223,255
223,223
224,224
224,225
224,226
224,227
224,228
224,229
224,230
224,231
224,243
224,255
225,225
225,226
225,227
225,228
225,229
225,230
225,231
225,232
225,233
225,243
225,244
225,255
226,226
226,228
226,229
226,230
226,227
226,231
226,238
226,242
226,235
227,227
227,228
227,229
227,230
227,231
227,232
227,233
227,285
227,305
227,340
227,297
227,282
228,228
228,229
228,230
228,231
228,232
228,233
228,234
228,263
228,257
228,238
228,273
229,229
229,230
229,232
229,231
229,236
229,240
229,241
230,230
230,231
230,232
230,233
230,262
230,245
230,249
230,252
231,231
231,232
231,233
231,272
231,274
231,244
231,247
231,249
232,232
232,233
232,234
232,235
232,236
232,237
232,238
232,239
232,247
232,249
232,246
233,233
233,234
233,235
233,236
233,289
233,238
233,237
233,272
233,247
233,250
233,246
234,256
234,260
234,234
234,235
234,236
234,237
234,238
234,239
234,240
234,241
234,242
234,248
234,251
235,256
235,257
235,235
235,236
235,237
235,238
235,239
235,240
235,241
235,242
235,243
235,244
236,236
236,237
236,238
236,239
236,240
236,241
236,243
236,244
236,242
237,237
237,238
237,239
237,240
237,241
237,242
237,243
237,244
237,245
237,246
237,250
237,252
238,256
238,257
238,259
238,238
238,239
238,240
238,241
238,242
238,243
238,244
239,268
239,239
239,240
239,241
239,242
239,243
239,244
239,245
239,246
239,247
239,250
239,252
240,259
240,242
240,240
240,241
240,243
240,244
240,246
240,253
240,254
240,245
241,285
241,242
241,241
241,243
241,244
241,282
241,253
241,254
241,245
242,262
242,242
242,243
242,269
242,245
242,246
242,247
242,248
242,244
242,276
243,258
243,274
243,243
243,244
243,245
243,255
243,266
244,258
244,274
244,244
244,245
244,255
244,266
245,259
245,262
245,245
245,246
245,247
245,248
245,252
245,254
245,261
246,256
246,246
246,247
246,248
246,249
246,250
246,251
246,252
246,253
246,254
246,255
247,299
247,289
247,247
247,248
247,249
247,346
247,251
247,252
247,253
247,250
248,256
248,264
248,249
248,263
248,248
248,260
248,250
248,251
248,252
248,253
248,254
248,255
249,256
249,257
249,258
249,259
249,266
249,268
249,249
249,250
249,251
249,252
249,253
249,254
249,255
250,256
250,257
250,258
250,268
250,270
250,269
250,250
250,251
250,252
250,253
250,254
250,255
251,256
251,257
251,258
251,264
251,265
251,267
251,251
251,252
251,253
251,254
251,255
252,256
252,257
252,258
252,259
252,253
252,252
252,254
252,255
253,256
253,257
253,259
253,264
253,285
253,280
253,286
253,253
253,254
253,255
254,256
254,257
254,258
254,259
254,261
254,262
254,271
254,254
254,255
255,258
255,257
255,266
255,256
255,255
255,274
256,256
256,257
256,258
256,259
256,262
256,266
257,257
257,258
257,259
257,261
257,260
257,263
257,262
258,258
258,259
258,260
258,261
258,262
258,275
258,266
258,274
259,259
259,260
259,261
259,263
259,264
259,266
259,267
259,268
259,269
260,260
260,261
260,262
260,263
260,264
260,265
260,267
260,268
260,269
260,270
260,271
260,272
260,273
260,266
261,261
261,262
261,263
261,264
261,265
261,266
261,267
261,268
261,269
261,270
261,271
261,272
261,273
262,263
262,264
262,265
262,266
262,267
262,268
262,271
262,276
262,262
263,263
263,264
263,265
263,266
263,267
263,268
263,269
263,270
263,273
263,281
263,287
264,264
264,265
264,266
264,267
264,268
264,269
264,270
264,271
264,272
264,273
264,278
265,265
265,266
265,267
265,268
265,269
265,270
265,271
265,272
265,273
265,274
265,275
265,280
265,281
266,266
266,267
266,268
266,270
266,274
266,275
267,352
267,267
267,268
267,269
267,270
267,362
267,291
267,278
267,280
267,330
268,268
268,269
268,270
268,272
268,276
268,277
268,271
269,274
269,270
269,269
269,272
269,273
269,276
269,277
269,279
269,271
270,270
270,271
270,272
270,273
270,274
270,275
270,276
270,277
270,278
271,271
271,272
271,273
271,274
271,275
271,276
271,277
271,279
271,285
271,293
272,288
272,289
272,272
272,273
272,274
272,275
272,276
272,277
272,283
273,294
273,273
273,274
273,275
273,276
273,277
273,278
273,281
273,287
274,275
274,274
274,277
274,278
274,279
274,280
274,276
275,304
275,295
275,290
275,275
275,276
275,277
275,278
275,279
275,280
275,284
275,309
276,276
276,277
276,278
276,279
276,280
276,281
276,282
276,284
276,285
277,292
277,277
277,278
277,279
277,280
277,281
277,282
277,283
277,284
277,285
278,322
278,291
278,330
278,335
278,278
278,279
278,280
278,281
278,282
278,283
278,316
279,288
279,289
279,295
279,279
279,280
279,281
279,282
279,283
279,284
279,285
279,286
279,287
280,322
280,291
280,330
280,285
280,280
280,281
280,282
280,335
280,284
280,283
281,316
281,294
281,296
281,306
281,281
281,282
281,283
281,284
281,285
281,286
281,287
282,288
282,342
282,297
282,300
282,334
282,282
282,283
282,284
282,285
282,286
282,287
283,288
283,289
283,290
283,291
283,292
283,299
283,301
283,283
283,284
283,285
283,286
283,287
284,320
284,290
284,323
284,309
284,328
284,304
284,287
284,284
284,285
284,286
284,319
285,288
285,289
285,290
285,285
285,297
285,286
285,287
286,288
286,289
286,290
286,291
286,292
286,293
286,321
286,297
286,300
286,334
286,286
286,287
287,288
287,289
287,290
287,291
287,293
287,294
287,296
287,298
287,306
287,287
288,288
288,289
288,290
288,291
288,292
288,293
288,294
288,295
288,299
288,301
288,302
288,303
289,289
289,290
289,291
289,292
289,293
289,294
289,333
289,303
289,299
289,311
290,290
290,291
290,292
290,293
290,294
290,328
290,323
290,304
290,319
290,309
290,320
291,291
291,292
291,293
291,294
291,295
291,296
291,330
291,334
291,370
291,362
292,292
292,293
292,294
292,295
292,296
292,297
292,327
292,302
292,307
292,308
292,329
292,324
293,293
293,294
293,295
293,296
293,297
293,298
293,306
293,307
293,308
293,310
293,312
294,294
294,295
294,296
294,297
294,298
294,299
294,300
294,306
294,310
294,313
295,295
295,296
295,297
295,298
295,311
295,300
295,301
295,302
295,303
295,304
295,305
295,299
296,296
296,297
296,298
296,299
296,300
296,301
296,302
296,306
296,326
296,332
296,314
296,316
297,321
297,297
297,298
297,299
297,300
297,301
297,302
297,303
297,334
297,342
298,298
298,299
298,300
298,301
298,302
298,303
298,304
298,305
298,306
298,307
298,308
298,310
298,312
299,299
299,300
299,301
299,302
299,303
299,304
299,305
299,306
299,317
299,311
300,321
300,325
300,300
300,301
300,302
300,303
300,304
300,305
300,334
300,343
300,349
301,301
301,302
301,303
301,304
301,305
301,306
301,307
301,308
301,309
301,311
301,317
302,302
302,303
302,304
302,305
302,306
302,307
302,311
302,324
302,315
302,317
303,303
303,304
303,305
303,306
303,307
303,308
303,309
303,310
303,311
303,312
304,307
304,304
304,305
304,306
304,308
304,309
304,310
304,317
304,319
305,323
305,328
305,305
305,306
305,307
305,308
305,309
305,310
305,331
305,317
306,306
306,307
306,308
306,309
306,310
306,311
306,315
307,307
307,308
307,309
307,310
307,311
307,312
307,313
307,314
307,316
307,317
308,320
308,308
308,309
308,310
308,311
308,312
308,313
308,316
308,317
308,319
309,320
309,359
309,331
309,333
309,309
309,310
309,311
309,312
309,319
310,320
310,321
310,310
310,311
310,312
310,313
310,316
310,317
310,319
311,324
311,311
311,312
311,313
311,314
311,315
311,316
311,317
312,320
312,322
312,323
312,324
312,312
312,313
312,314
312,315
312,316
312,317
312,319
313,320
313,321
313,322
313,323
313,324
313,332
313,313
313,314
313,315
313,316
313,317
313,318
313,319
314,320
314,321
314,322
314,323
314,339
314,332
314,338
314,350
314,314
314,315
314,316
314,317
314,318
314,319
315,320
315,321
315,322
315,324
315,325
315,329
315,343
315,338
315,315
315,316
315,317
315,318
315,319
316,322
316,350
316,326
316,317
316,335
316,341
316,316
316,318
317,320
317,323
317,317
317,318
317,319
318,320
318,321
318,322
318,323
318,324
318,325
318,357
318,356
318,332
318,354
318,338
318,339
318,318
318,319
319,320
319,321
319,323
319,324
319,328
319,322
319,319
320,320
320,321
320,323
320,328
320,340
320,331
320,322
321,321
321,322
321,323
321,324
321,325
321,326
321,334
321,343
321,349
322,322
322,323
322,324
322,330
322,352
322,335
322,341
322,362
323,323
323,324
323,325
323,326
323,327
323,328
323,331
324,325
324,326
324,327
324,324
324,329
324,330
324,333
324,328
325,325
325,326
325,327
325,328
325,329
325,330
325,331
325,333
325,334
325,337
325,343
325,332
325,349
326,326
326,327
326,329
326,330
326,331
326,332
326,333
326,389
326,328
326,341
326,417
326,350
326,357
327,327
327,328
327,329
327,330
327,331
327,332
327,333
327,334
327,335
327,376
327,344
327,358
327,347
327,378
328,328
328,329
328,330
328,331
328,332
328,333
328,334
328,335
328,336
329,329
329,330
329,331
329,332
329,333
329,334
329,335
329,336
329,337
329,338
329,343
329,344
330,352
330,330
330,332
330,333
330,334
330,335
330,331
330,362
331,331
331,332
331,333
331,337
331,335
331,336
331,338
331,334
331,340
332,332
332,333
332,334
332,335
332,336
332,338
332,339
332,341
333,333
333,334
333,335
333,336
333,337
333,338
333,339
333,344
334,334
334,335
334,336
334,370
334,366
335,352
335,335
335,336
335,337
335,338
335,341
335,362
336,353
336,336
336,337
336,338
336,339
336,340
336,341
336,344
336,346
336,347
336,348
336,351
337,352
337,337
337,338
337,339
337,340
337,341
337,342
337,343
337,344
337,345
337,346
337,347
337,350
338,354
338,356
338,338
338,339
338,340
338,341
338,342
338,343
338,344
339,354
339,357
339,361
339,339
339,340
339,350
339,342
339,343
339,344
339,345
339,346
339,341
340,365
340,340
340,341
340,342
340,343
340,344
340,345
340,346
340,347
340,348
340,349
340,350
341,352
341,357
341,341
341,342
341,343
341,344
341,345
341,346
341,350
342,352
342,363
342,349
342,342
342,343
342,344
342,345
342,347
342,348
342,346
342,350
342,351
343,347
343,343
343,344
343,345
343,346
343,348
343,349
343,351
344,344
344,345
344,346
344,347
344,348
344,349
344,350
344,351
345,352
345,353
345,382
345,363
345,351
345,345
345,346
345,347
345,348
345,349
345,350
345,377
346,353
346,359
346,360
346,364
346,368
346,346
346,347
346,348
346,369
347,352
347,353
347,355
347,358
347,378
347,347
347,348
347,349
347,350
347,351
348,352
348,353
348,354
348,355
348,356
348,358
348,359
348,348
348,349
348,350
348,351
349,352
349,354
349,355
349,357
349,353
349,359
349,349
349,350
349,351
350,352
350,386
350,357
350,389
350,350
350,351
351,352
351,353
351,354
351,355
351,356
351,357
351,358
351,359
351,360
351,351
352,352
352,353
352,374
352,354
352,362
352,381
353,353
353,354
353,355
353,356
353,357
353,358
353,359
353,360
353,364
353,369
353,368
354,354
354,355
354,356
354,357
354,358
354,359
354,360
354,361
354,362
354,372
354,376
355,355
355,356
355,357
355,358
355,359
355,360
355,361
355,362
355,363
355,364
355,365
355,366
355,375
356,356
356,357
356,358
356,359
356,360
356,361
356,362
356,363
356,366
356,372
356,376
356,378
357,357
357,359
357,360
357,361
357,362
357,363
357,372
357,358
358,358
358,360
358,361
358,362
358,359
358,364
358,365
358,363
358,366
358,376
359,359
359,360
359,361
359,362
359,363
359,364
359,365
359,367
360,360
360,361
360,362
360,363
360,364
360,365
360,368
360,369
360,373
360,375
361,361
361,362
361,363
361,364
361,365
361,366
361,372
361,376
361,390
361,394
361,383
362,364
362,370
362,374
362,363
362,362
363,384
363,363
363,364
363,365
363,366
363,367
363,368
363,377
363,378
364,364
364,365
364,366
364,367
364,368
364,369
364,370
364,372
364,374
364,376
365,365
365,366
365,367
365,368
365,369
365,370
365,371
365,373
365,375
365,372
365,382
366,384
366,367
366,368
366,369
366,370
366,371
366,372
366,366
366,376
366,378
366,381
367,385
367,367
367,368
367,369
367,370
367,371
367,372
367,373
367,374
367,375
367,376
367,377
367,378
367,382
368,422
368,368
368,369
368,370
368,371
368,372
368,373
368,374
368,407
368,403
368,414
369,369
369,370
369,371
369,372
369,373
369,374
369,375
369,376
369,377
369,378
369,397
370,384
370,370
370,371
370,372
370,374
370,375
370,376
370,387
370,381
370,373
371,385
371,373
371,371
371,372
371,398
371,374
371,375
371,376
371,409
371,378
371,379
371,382
371,377
372,386
372,372
372,373
372,374
372,376
372,381
372,383
373,385
373,407
373,373
373,374
373,375
373,376
373,377
373,378
373,379
373,380
373,381
374,400
374,387
374,406
374,374
374,375
374,376
374,377
374,399
374,381
375,384
375,375
375,376
375,377
375,378
375,379
375,380
375,381
375,382
375,383
376,376
376,377
376,378
376,379
377,409
377,388
377,392
377,405
377,402
377,378
377,379
377,380
377,382
377,377
378,384
378,379
378,378
378,380
378,381
378,382
378,383
379,384
379,411
379,379
379,422
379,444
379,393
379,397
379,414
379,443
379,380
379,381
379,382
379,383
380,384
380,385
380,386
380,387
380,390
380,391
380,393
380,394
380,395
380,397
380,380
380,381
380,382
380,383
381,384
381,386
381,387
381,388
381,389
381,385
381,381
381,382
381,383
382,383
382,384
382,386
382,387
382,388
382,389
382,390
382,385
382,382
383,384
383,385
383,386
383,387
383,388
383,389
383,390
383,394
383,395
383,396
383,383
384,384
384,385
384,386
384,387
384,388
384,390
384,391
384,392
384,400
385,385
385,386
385,387
385,388
385,389
385,390
385,391
385,405
385,398
385,407
385,409
386,386
386,387
386,388
386,389
386,390
386,391
386,392
386,393
386,394
386,396
386,400
387,387
387,388
387,389
387,390
387,391
387,392
387,393
387,396
387,399
387,400
388,388
388,389
388,390
388,391
388,392
388,393
388,401
388,402
388,404
388,405
388,409
389,389
389,391
389,392
389,393
389,394
389,396
389,413
389,417
389,445
389,390
390,390
390,391
390,392
390,394
390,395
390,396
390,397
390,398
390,393
391,391
391,392
391,393
391,394
391,395
391,396
391,397
391,401
391,404
391,408
391,410
392,392
392,393
392,394
392,395
392,396
392,397
392,418
392,402
392,405
392,412
392,421
393,393
393,394
393,395
393,396
393,397
393,398
393,399
393,400
393,401
393,402
394,394
394,395
394,396
394,397
394,398
394,399
394,400
394,401
394,408
394,410
395,395
395,396
395,397
395,398
395,399
395,400
395,401
395,402
395,403
395,408
395,410
395,415
396,396
396,397
396,398
396,399
396,400
396,401
396,406
396,408
396,413
397,411
397,397
397,398
397,399
397,400
397,402
397,404
397,401
397,414
398,431
398,435
398,398
398,399
398,432
398,401
398,402
398,405
398,409
398,400
398,434
399,456
399,399
399,400
399,401
399,402
399,404
399,430
399,477
399,493
399,445
399,491
400,406
400,400
400,401
400,402
400,403
400,404
400,408
400,413
401,401
401,402
401,403
401,404
401,405
401,406
401,407
401,409
401,412
402,418
402,421
402,426
402,402
402,403
402,404
402,405
402,406
402,412
403,480
403,427
403,472
403,487
403,457
403,403
403,404
403,405
403,406
403,407
403,408
403,409
403,410
403,465
404,418
404,404
404,405
404,406
404,407
404,408
404,409
404,410
404,411
404,412
404,413
405,416
405,405
405,406
405,407
405,408
405,410
405,411
405,413
405,414
405,415
406,406
406,423
406,424
406,425
406,407
406,408
406,409
406,410
406,411
406,412
406,413
407,420
407,422
407,427
407,431
407,407
407,408
407,409
407,410
407,411
407,412
407,413
408,417
408,418
408,408
408,409
408,410
408,411
408,412
408,413
408,414
409,409
409,416
409,410
409,411
409,412
409,413
409,414
409,415
410,419
410,425
410,428
410,410
410,411
410,412
410,413
410,414
410,415
411,449
411,411
411,422
411,443
411,472
411,466
411,412
411,413
411,414
411,415
412,416
412,417
412,418
412,421
412,429
412,412
412,413
412,414
412,415
413,416
413,417
413,418
413,423
413,413
413,414
413,415
414,416
414,417
414,418
414,422
414,449
414,427
414,443
414,414
414,415
415,416
415,417
415,418
415,419
415,420
415,421
415,444
415,428
415,443
415,425
415,415
416,416
416,417
416,418
416,419
416,420
416,421
416,422
416,423
416,454
416,425
416,453
416,455
416,447
417,417
417,418
417,419
417,420
417,422
417,421
417,453
417,445
417,464
417,469
417,484
418,418
418,419
418,420
418,421
418,422
418,423
418,429
418,434
418,438
419,419
419,420
419,421
419,422
419,423
419,424
419,425
419,426
419,427
419,428
419,429
419,443
419,444
419,446
420,420
420,421
420,422
420,423
420,424
420,425
420,426
420,427
420,431
420,465
420,435
420,436
420,457
421,421
421,422
421,423
421,425
421,426
421,429
421,424
421,438
421,444
421,446
422,422
422,423
422,424
422,425
422,426
422,427
422,428
422,436
423,423
423,424
423,425
423,426
423,427
423,428
423,429
423,430
423,431
423,433
423,437
424,424
424,425
424,426
424,427
424,428
424,429
424,430
424,431
424,432
424,433
424,434
424,437
424,439
425,425
425,426
425,427
425,428
425,429
425,430
425,431
425,432
425,434
426,426
426,427
426,428
426,429
426,430
426,431
426,432
426,437
426,439
426,440
426,442
427,457
427,427
427,428
427,429
427,430
427,431
427,432
427,465
427,436
428,428
428,429
428,430
428,431
428,432
428,433
428,434
428,435
428,436
428,438
429,448
429,429
429,430
429,431
429,432
429,434
429,451
429,438
429,441
430,464
430,491
430,484
430,430
430,432
430,456
430,493
430,433
430,477
430,431
430,445
431,431
431,432
431,433
431,434
431,435
431,436
431,441
431,437
432,481
432,432
432,433
432,434
432,435
432,436
432,470
432,441
432,458
432,437
433,454
433,456
433,434
433,435
433,436
433,437
433,438
433,439
433,440
433,441
433,442
433,433
433,445
434,448
434,434
434,435
434,436
434,437
434,438
434,439
434,440
434,441
434,442
435,448
435,435
435,436
435,437
435,438
435,439
435,440
435,441
435,442
435,443
435,444
435,445
436,465
436,457
436,458
436,436
436,437
436,438
436,439
436,440
436,441
436,442
437,450
437,452
437,437
437,438
437,439
437,440
437,441
437,442
437,443
437,444
438,448
438,451
438,450
438,438
438,439
438,440
438,441
438,442
438,444
438,446
439,448
439,450
439,439
439,440
439,441
439,442
439,443
439,444
439,445
439,446
439,447
440,448
440,450
440,452
440,440
440,441
440,442
440,443
440,444
440,445
440,446
440,447
441,448
441,451
441,458
441,441
441,442
441,443
441,444
441,445
442,450
442,452
442,456
442,460
442,442
442,443
442,444
442,445
442,446
443,448
443,450
443,447
443,451
443,445
443,446
443,444
443,443
444,448
444,449
444,450
444,447
444,445
444,444
444,446
445,448
445,449
445,456
445,464
445,445
445,446
445,447
446,448
446,449
446,450
446,452
446,454
446,455
446,453
446,451
446,446
446,447
447,448
447,450
447,451
447,452
447,454
447,449
447,455
447,461
447,466
447,467
447,459
447,447
448,448
448,449
448,450
448,451
448,452
448,470
448,458
449,449
449,450
449,451
449,452
449,453
449,454
449,455
449,488
449,495
449,466
449,483
450,450
450,451
450,452
450,453
450,454
450,455
450,456
450,460
451,451
451,452
451,453
451,454
451,455
451,456
451,470
451,458
451,485
451,475
452,452
452,453
452,454
452,455
452,456
452,457
452,460
452,462
452,468
452,471
453,453
453,454
453,456
453,457
453,458
453,455
453,461
453,464
453,469
453,459
453,484
453,476
454,454
454,455
454,456
454,457
454,458
454,459
454,460
454,461
454,462
454,467
455,455
455,456
455,457
455,458
455,459
455,460
455,461
455,466
455,467
455,473
456,456
456,457
456,458
456,459
456,460
456,461
456,468
456,462
457,480
457,459
457,457
457,458
457,460
457,461
457,462
457,465
457,472
457,478
458,481
458,458
458,459
458,460
458,461
458,462
458,463
458,470
458,478
459,459
459,460
459,461
459,462
459,463
459,464
459,465
459,466
459,467
459,468
459,469
459,473
460,460
460,461
460,462
460,463
460,464
460,465
460,466
460,468
460,471
460,475
461,461
461,462
461,463
461,464
461,465
461,466
461,467
461,468
461,469
461,473
462,485
462,462
462,463
462,464
462,465
462,466
462,467
462,468
462,489
462,475
462,471
463,483
463,492
463,463
463,464
463,465
463,466
463,467
463,468
463,494
463,475
464,484
464,496
464,465
464,466
464,467
464,464
464,468
464,477
464,493
464,469
465,480
465,486
465,467
465,465
465,466
465,469
465,472
465,468
466,488
466,466
466,467
466,468
466,469
466,470
466,473
467,467
467,468
467,469
467,470
467,471
467,472
467,473
467,474
467,475
468,482
468,485
468,468
468,469
468,470
468,471
468,472
468,475
469,469
469,470
469,471
469,472
469,473
469,474
470,481
470,470
470,471
470,472
470,473
470,474
470,475
470,476
470,478
471,485
471,489
471,491
471,471
471,472
471,473
471,474
471,475
471,476
471,477
471,478
471,479
472,475
472,487
472,495
472,472
472,473
472,474
472,476
472,477
473,480
473,481
473,482
473,473
473,474
473,475
473,476
473,477
473,478
473,479
474,480
474,481
474,482
474,483
474,484
474,488
474,490
474,474
474,475
474,476
474,477
474,478
474,479
475,480
475,485
475,475
475,476
475,477
475,478
475,479
476,480
476,481
476,482
476,483
476,484
476,488
476,490
476,485
476,476
476,477
476,478
476,479
477,480
477,481
477,484
477,491
477,493
477,497
477,496
477,477
477,478
477,479
478,480
478,481
478,482
478,483
478,484
478,486
478,478
478,479
479,480
479,481
479,482
479,483
479,484
479,485
479,486
479,487
479,488
479,490
479,479
480,480
480,481
480,482
480,483
480,484
480,486
480,487
481,481
481,482
481,483
481,484
481,485
481,486
482,482
482,483
482,484
482,485
482,486
482,487
482,488
482,489
482,490
482,492
483,483
483,484
483,485
483,486
483,492
483,498
483,495
484,484
484,486
484,488
484,489
484,485
484,492
484,487
485,485
485,486
485,487
485,488
485,489
485,490
485,494
486,486
486,487
486,488
486,489
486,490
486,491
487,487
487,488
487,489
487,490
487,491
487,492
488,488
488,489
488,490
488,491
488,492
488,493
488,494
488,498
489,489
489,490
489,491
489,492
489,493
489,495
489,496
489,497
489,494
490,490
490,491
490,492
490,493
490,494
490,495
490,496
490,497
491,491
491,492
491,493
491,496
491,497
491,494
491,495
492,492
492,493
492,494
492,496
492,497
492,495
493,496
493,493
493,497
493,494
493,495
494,494
494,496
494,497
494,495
495,495
495,496
495,497
495,498
496,496
496,497
496,498
497,497
497,498
