0,0
0,1
0,2
0,3
0,4
0,5
0,6
0,7
0,8
0,9
0,10
0,43
0,34
0,47
0,16
0,53
0,57
0,33
0,26
1,1
1,2
1,3
1,4
1,5
1,6
1,7
1,8
1,9
1,10
1,11
1,12
1,50
1,32
1,22
1,58
1,92
1,94
2,2
2,3
2,4
2,5
2,6
2,7
2,8
2,9
2,10
2,11
2,12
2,13
2,14
2,18
2,27
2,29
2,37
3,3
3,4
3,5
3,6
3,7
3,8
3,9
3,10
3,11
3,12
3,66
3,49
3,67
3,26
3,27
3,74
4,4
4,5
4,6
4,7
4,8
4,9
4,10
4,11
4,15
4,17
4,19
4,21
4,24
4,36
4,28
5,5
5,6
5,7
5,8
5,9
5,10
5,11
5,12
5,50
5,32
5,22
5,39
5,58
5,70
6,6
6,7
6,8
6,9
6,10
6,11
6,12
6,13
6,15
6,21
6,23
6,24
6,28
7,7
7,8
7,9
7,10
7,47
7,16
7,32
7,56
7,25
7,58
7,70
7,61
8,8
8,9
8,10
8,11
8,12
8,78
8,50
8,32
8,22
8,58
8,92
9,9
9,10
9,11
9,12
9,13
9,14
9,15
9,18
9,19
9,27
10,10
10,11
10,12
10,14
10,18
10,20
10,27
10,29
10,37
11,11
11,12
11,13
11,14
11,15
11,17
11,21
11,23
11,24
11,28
12,12
12,13
12,14
12,15
12,40
12,35
12,23
12,38
12,30
12,31
13,35
13,38
13,40
13,13
13,14
13,15
13,16
13,17
13,18
13,19
13,20
13,23
13,30
13,31
14,14
14,15
14,16
14,17
14,18
14,19
14,20
14,21
14,22
14,23
14,24
14,25
14,27
15,15
15,16
15,17
15,18
15,19
15,20
15,22
15,25
15,26
15,27
15,29
15,30
16,33
16,34
16,69
16,43
16,16
16,17
16,18
16,19
16,20
16,21
16,22
16,23
16,57
16,58
17,17
17,18
17,19
17,20
17,21
17,22
17,23
17,24
17,25
17,26
17,27
17,28
17,36
18,18
18,19
18,20
18,21
18,22
18,23
18,24
18,25
18,26
18,27
18,29
19,19
19,20
19,21
19,22
19,23
19,24
19,25
19,26
19,27
19,28
19,36
20,67
20,37
20,93
20,76
20,20
20,21
20,22
20,23
20,24
20,27
20,29
21,21
21,22
21,23
21,24
21,25
21,26
21,27
21,28
21,29
21,36
22,32
22,50
22,22
22,23
22,24
22,58
22,92
22,94
23,36
23,23
23,24
23,25
23,26
23,27
23,28
24,24
24,25
24,26
24,27
24,28
24,29
24,30
24,31
25,32
25,31
25,39
25,44
25,56
25,25
25,26
25,27
25,46
25,52
26,33
26,34
26,49
26,42
26,43
26,26
26,27
26,28
26,53
27,27
27,28
27,29
27,30
28,32
28,33
28,34
28,35
28,36
28,28
28,29
28,30
28,31
29,32
29,33
29,35
29,37
29,60
29,62
29,34
29,29
29,30
29,31
30,32
30,33
30,34
30,35
30,36
30,37
30,38
30,41
30,45
30,47
30,30
30,31
31,32
31,33
31,34
31,35
31,36
31,37
31,38
31,39
31,44
31,52
31,54
31,31
32,32
32,34
32,35
32,36
32,38
32,39
32,50
32,33
32,37
33,34
33,35
33,36
33,37
33,38
33,33
33,39
33,43
33,53
33,69
33,57
34,34
34,35
34,36
34,37
34,38
34,39
34,43
34,53
34,69
34,57
35,35
35,36
35,37
35,38
35,39
35,40
35,41
35,42
35,43
35,45
36,37
36,38
36,39
36,40
36,55
36,48
36,36
37,37
37,38
37,39
37,40
37,63
37,62
37,59
37,60
38,38
38,39
38,40
38,41
38,42
38,43
38,46
38,44
38,45
39,39
39,40
39,41
39,42
39,44
39,46
39,79
39,52
39,65
40,40
40,41
40,42
40,43
40,46
40,45
40,49
40,50
40,52
40,55
40,47
40,44
41,41
41,42
41,43
41,44
41,45
41,46
41,47
41,48
41,49
41,50
41,51
41,52
41,53
41,55
42,42
42,43
42,44
42,45
42,46
42,47
42,48
42,49
42,50
42,51
42,52
42,55
42,56
43,69
43,48
43,43
43,44
43,45
43,46
43,47
43,53
43,57
44,65
44,44
44,45
44,46
44,47
44,48
44,49
44,50
44,52
44,56
44,61
45,45
45,46
45,47
45,48
45,49
45,50
45,52
45,53
45,55
45,56
45,57
46,65
46,46
46,47
46,48
46,49
46,50
46,52
46,89
46,90
46,79
47,47
47,48
47,49
47,50
47,51
47,52
47,53
47,55
47,57
48,64
48,71
48,48
48,49
48,50
48,51
48,52
48,53
48,54
48,55
48,59
49,80
49,66
49,69
49,67
49,49
49,50
49,51
49,53
49,74
50,99
50,50
50,51
50,92
50,94
51,64
51,75
51,51
51,52
51,53
51,54
51,55
51,56
51,57
51,58
51,59
51,60
51,61
52,65
52,52
52,53
52,54
52,55
52,56
52,61
53,53
53,54
53,55
53,56
53,59
53,60
53,58
54,64
54,84
54,83
54,91
54,75
54,54
54,55
54,56
54,57
54,58
54,59
54,60
54,61
54,62
55,71
55,77
55,81
55,82
55,55
55,68
55,59
55,85
56,70
56,72
56,57
56,56
56,58
56,59
56,60
56,61
56,62
56,63
57,69
57,80
57,74
57,57
57,58
57,59
57,60
57,61
57,62
58,64
58,59
58,70
58,58
58,60
58,61
58,62
58,63
59,64
59,65
59,66
59,67
59,68
59,59
59,60
59,61
59,62
59,63
60,64
60,65
60,66
60,67
60,71
60,76
60,61
60,60
60,62
60,63
61,64
61,65
61,66
61,70
61,72
61,73
61,61
61,62
61,63
62,64
62,65
62,66
62,67
62,68
62,70
62,71
62,69
62,62
62,63
63,64
63,65
63,66
63,67
63,68
63,70
63,71
63,72
63,73
63,76
63,69
63,63
64,64
64,65
64,66
64,67
64,68
64,102
64,75
64,84
64,85
64,83
65,65
65,66
65,67
65,68
65,69
65,95
65,79
65,89
65,90
66,66
66,68
66,69
66,70
66,71
66,72
66,74
66,80
66,67
66,86
67,68
67,69
67,70
67,71
67,72
67,73
67,74
67,75
67,67
68,68
68,69
68,70
68,71
68,72
68,73
68,77
68,81
68,82
68,86
68,88
69,69
69,70
69,72
69,73
69,74
69,80
69,71
70,70
70,72
70,73
70,74
70,71
70,76
70,78
70,75
71,71
71,72
71,73
71,74
71,75
71,76
71,77
71,78
71,79
72,72
72,73
72,74
72,75
72,76
72,77
72,78
72,84
72,89
72,91
73,73
73,74
73,75
73,76
73,77
73,78
73,79
73,99
73,89
73,95
73,92
74,97
74,74
74,75
74,76
74,77
74,78
74,79
74,80
74,87
75,83
75,75
75,76
75,77
75,78
75,79
75,80
75,85
75,88
75,106
76,76
76,77
76,78
76,79
76,80
76,81
76,82
76,83
76,86
76,93
77,77
77,78
77,79
77,80
77,81
77,82
77,83
77,84
77,85
77,86
77,88
78,99
78,78
78,79
78,80
78,82
78,83
78,89
78,95
78,92
78,81
79,110
79,79
79,80
79,81
79,82
79,141
79,89
79,90
79,126
80,100
80,81
80,80
80,82
80,83
80,84
80,85
80,87
80,98
81,87
81,81
81,82
81,83
81,84
81,85
81,86
81,88
81,89
81,90
81,91
81,92
82,87
82,82
82,83
82,84
82,85
82,86
82,88
82,89
82,90
82,91
82,92
83,86
83,102
83,108
83,106
83,83
83,84
83,85
83,87
83,88
83,89
84,86
84,102
84,108
84,84
84,85
84,87
84,88
84,89
84,90
84,91
84,117
85,87
85,85
85,86
85,88
85,89
85,90
85,91
85,92
85,93
85,94
86,86
86,87
86,88
86,89
86,90
86,91
86,92
86,93
86,94
86,95
87,112
87,98
87,115
87,103
87,119
87,108
87,87
87,88
87,89
87,90
87,91
88,96
88,88
88,89
88,90
88,91
88,92
88,93
88,94
88,95
89,89
89,90
89,91
89,92
89,93
90,117
90,110
90,90
90,91
90,92
90,93
90,126
90,95
91,123
91,102
91,124
91,110
91,91
91,92
91,93
91,117
92,96
92,97
92,92
92,93
92,94
93,96
93,128
93,131
93,105
93,171
93,178
93,172
93,93
93,94
93,95
94,96
94,98
94,99
94,100
94,102
94,97
94,104
94,101
94,114
94,94
94,95
95,96
95,98
95,99
95,100
95,101
95,102
95,97
95,104
95,103
95,118
95,95
96,96
96,97
96,98
96,99
96,100
96,101
96,102
96,103
96,137
96,107
96,133
96,111
96,120
96,131
97,97
97,98
97,99
97,100
97,101
97,102
97,103
97,104
97,105
97,111
97,113
97,116
97,119
97,122
98,98
98,99
98,100
98,101
98,102
98,103
98,104
98,105
98,119
98,112
98,115
98,116
98,122
99,99
99,100
99,101
99,102
99,103
99,104
99,106
99,107
99,108
99,109
99,105
100,100
100,101
100,102
100,103
100,104
100,105
100,106
100,108
100,109
100,112
100,123
100,125
101,101
101,102
101,103
101,104
101,105
101,106
101,107
101,108
101,109
101,114
101,118
101,121
102,102
102,104
102,103
102,108
102,110
102,117
102,123
103,103
103,104
103,105
103,106
103,135
103,109
103,112
103,115
103,122
103,167
104,104
104,105
104,106
104,107
104,108
104,109
104,114
104,118
104,121
104,125
105,128
105,105
105,106
105,107
105,108
105,109
105,116
105,119
105,153
105,122
105,133
106,107
106,130
106,106
106,108
106,109
106,110
106,111
106,113
106,140
106,139
106,137
107,176
107,162
107,107
107,108
107,109
107,110
107,111
107,112
107,148
107,150
107,137
107,120
107,133
108,108
108,109
108,110
108,111
108,112
108,113
108,123
108,124
109,129
109,166
109,109
109,110
109,111
109,112
109,136
109,121
109,135
109,125
110,134
110,110
110,112
110,113
110,114
110,115
110,116
110,117
110,111
110,124
110,126
111,133
111,137
111,111
111,112
111,113
111,114
111,115
111,116
111,142
111,118
111,140
111,117
112,112
112,113
112,114
112,115
112,116
112,117
112,118
112,132
112,123
112,135
113,144
113,130
113,137
113,146
113,113
113,114
113,115
113,116
113,117
113,118
113,119
113,120
113,140
114,129
114,114
114,115
114,116
114,117
114,118
114,119
114,120
114,121
114,122
114,125
114,127
115,119
115,115
115,116
115,117
115,118
115,120
115,121
115,122
115,123
115,167
115,153
116,128
116,116
116,117
116,118
116,119
116,120
116,121
116,122
116,123
116,153
117,121
117,134
117,117
117,118
117,119
117,120
117,124
117,126
118,129
118,127
118,118
118,119
118,120
118,121
118,122
118,123
118,125
119,119
119,140
119,120
119,121
119,122
119,123
119,124
119,125
119,126
120,162
120,171
120,133
120,137
120,120
120,148
120,121
120,123
120,122
120,150
121,129
121,136
121,121
121,122
121,123
121,124
121,125
121,126
121,127
122,128
122,140
122,122
122,123
122,124
122,125
122,126
122,127
123,128
123,132
123,123
123,124
123,125
123,126
123,127
124,128
124,129
124,130
124,132
124,134
124,138
124,131
124,124
124,125
124,126
124,127
125,128
125,130
125,131
125,133
125,134
125,132
125,125
125,126
125,127
126,128
126,129
126,130
126,131
126,141
126,157
126,152
126,126
126,127
127,128
127,129
127,130
127,131
127,132
127,133
127,165
127,161
127,157
127,152
127,127
128,128
128,129
128,130
128,131
128,132
128,133
128,134
128,171
128,172
128,178
129,129
129,130
129,131
129,132
129,133
129,134
129,135
129,136
129,161
129,170
129,166
130,130
130,131
130,132
130,133
130,134
130,135
130,136
130,139
130,142
130,144
130,146
131,131
131,132
131,133
131,134
131,136
131,135
131,172
131,210
131,178
131,171
132,132
132,133
132,134
132,135
132,136
132,138
132,140
132,142
132,145
132,146
133,133
133,134
133,136
133,138
133,139
133,137
133,135
134,134
134,135
134,136
134,137
134,138
134,139
134,140
134,143
134,144
135,136
135,137
135,138
135,135
135,140
135,142
135,141
135,145
135,139
135,143
136,136
136,137
136,138
136,139
136,140
136,161
136,141
136,166
136,170
136,165
137,139
137,137
137,140
137,141
137,142
137,144
137,148
137,143
137,138
138,138
138,139
138,140
138,141
138,142
138,143
138,144
138,145
138,146
138,149
138,151
138,152
139,139
139,140
139,141
139,142
139,143
139,144
139,145
139,151
139,154
139,155
139,156
140,140
140,141
140,142
140,144
140,148
140,145
140,143
141,160
141,163
141,164
141,141
141,142
141,144
141,145
141,146
141,174
141,143
141,159
142,142
142,144
142,145
142,146
142,147
142,148
142,150
142,151
142,152
142,143
143,160
143,163
143,164
143,143
143,144
143,145
143,146
143,147
143,151
143,175
143,159
144,145
144,144
144,146
144,147
144,148
144,149
144,151
144,154
144,155
145,145
145,146
145,147
145,148
145,149
145,150
145,151
145,152
145,153
145,154
146,146
146,147
146,148
146,149
146,150
146,151
146,152
146,153
146,154
146,156
147,176
147,168
147,173
147,147
147,180
147,149
147,150
147,151
147,152
147,148
147,154
147,155
147,156
147,153
148,176
148,162
148,148
148,149
148,150
148,151
148,153
148,152
148,190
148,181
149,160
149,161
149,149
149,150
149,151
149,152
149,153
149,154
149,155
149,156
149,157
149,158
149,159
150,162
150,171
150,176
150,150
150,151
150,153
150,152
150,155
150,154
150,190
150,181
151,160
151,151
151,152
151,153
151,154
151,155
151,157
151,159
152,161
152,165
152,174
152,152
152,153
152,154
152,159
152,157
153,180
153,168
153,158
153,154
153,155
153,156
153,157
153,153
154,160
154,161
154,162
154,154
154,155
154,156
154,157
154,158
154,159
155,160
155,161
155,162
155,197
155,173
155,180
155,155
155,156
155,157
155,158
155,159
156,160
156,161
156,162
156,165
156,167
156,169
156,170
156,173
156,156
156,157
156,158
156,159
157,160
157,161
157,162
157,183
157,159
157,158
157,174
157,179
157,185
157,157
158,160
158,161
158,162
158,163
158,164
158,197
158,173
158,175
158,241
158,242
158,219
158,158
158,159
159,160
159,161
159,162
159,163
159,164
159,165
159,175
159,174
159,159
160,160
160,161
160,162
160,163
160,164
160,165
160,175
160,174
160,179
161,162
161,163
161,164
161,165
161,166
161,161
161,170
162,162
162,163
162,164
162,190
162,208
162,181
162,249
163,163
163,164
163,165
163,166
163,167
163,168
163,169
163,170
163,171
163,174
163,183
163,175
164,164
164,165
164,166
164,167
164,168
164,169
164,170
164,171
164,174
164,179
164,183
165,165
165,166
165,167
165,169
165,170
165,171
165,172
165,173
165,175
165,168
166,166
166,169
166,170
166,167
166,172
166,174
166,173
166,168
166,171
166,186
166,175
166,188
167,168
167,169
167,170
167,167
167,172
167,173
167,174
167,175
167,176
167,177
167,171
167,184
168,198
168,168
168,169
168,170
168,171
168,172
168,173
168,174
168,175
168,177
168,184
168,189
169,169
169,170
169,171
169,172
169,173
169,174
169,175
169,176
169,177
169,178
169,179
169,184
170,170
170,172
170,173
170,174
170,175
170,176
170,178
170,171
171,171
171,172
171,173
171,174
171,178
171,210
172,230
172,210
172,172
172,173
172,174
172,175
172,176
172,178
172,222
173,173
173,174
173,175
173,176
173,205
173,180
173,197
174,174
174,176
174,177
174,175
175,176
175,177
175,187
175,183
175,175
176,179
176,176
176,177
176,178
176,181
176,180
176,189
176,182
177,198
177,205
177,177
177,178
177,179
177,180
177,181
177,182
177,183
177,184
177,185
177,207
177,191
178,189
178,178
178,179
178,180
178,181
178,182
178,183
178,184
178,185
178,202
179,193
179,195
179,199
179,179
179,180
179,181
179,182
179,183
179,184
179,185
179,186
179,187
180,187
180,202
180,180
180,181
180,182
180,183
180,184
180,186
180,188
180,189
180,185
181,208
181,182
181,183
181,210
181,181
181,185
181,184
181,186
181,187
181,188
181,190
182,257
182,194
182,259
182,261
182,230
182,237
182,185
182,182
182,183
182,184
182,244
182,186
182,222
183,193
183,189
183,183
183,184
183,185
183,186
183,187
183,188
183,190
184,198
184,205
184,184
184,185
184,186
184,187
184,188
184,189
184,191
185,193
185,195
185,196
185,189
185,185
185,186
185,187
185,188
185,190
185,191
186,192
186,193
186,196
186,201
186,203
186,186
186,187
186,188
186,189
186,190
186,191
187,192
187,193
187,194
187,195
187,199
187,200
187,187
187,188
187,189
187,190
187,191
188,192
188,193
188,194
188,195
188,196
188,199
188,201
188,188
188,189
188,190
188,191
189,192
189,193
189,194
189,202
189,210
189,205
189,189
189,190
189,191
190,192
190,193
190,214
190,246
190,194
190,208
190,210
190,190
190,191
191,192
191,193
191,194
191,195
191,196
191,197
191,201
191,216
191,207
191,221
191,191
192,192
192,193
192,194
192,195
192,196
192,197
192,198
192,199
192,200
192,201
192,221
192,209
192,211
193,193
193,194
193,195
193,196
193,197
193,198
193,199
193,200
193,201
194,194
194,195
194,196
194,197
194,230
194,257
194,261
194,237
194,259
194,244
194,222
195,195
195,196
195,197
195,198
195,199
195,200
195,201
195,202
195,205
195,206
195,207
196,196
196,197
196,198
196,199
196,200
196,201
196,202
196,205
196,206
196,207
196,208
197,197
197,198
197,199
197,200
197,201
197,241
197,242
197,243
197,219
197,252
198,198
198,199
198,201
198,202
198,203
198,224
198,205
198,212
198,217
198,207
198,200
199,199
199,200
199,201
199,202
199,203
199,205
199,206
199,207
199,208
199,210
200,200
200,201
200,202
200,203
200,204
200,205
200,211
200,219
200,216
200,218
200,220
201,226
201,201
201,202
201,203
201,204
201,207
201,225
201,221
202,202
202,203
202,204
202,205
202,206
202,207
202,210
202,217
202,212
202,213
203,203
203,204
203,205
203,206
203,207
203,208
203,209
203,210
203,211
203,212
203,213
203,220
203,218
204,204
204,205
204,206
204,207
204,208
204,209
204,210
204,211
204,212
204,213
204,214
204,216
204,220
204,221
204,223
205,206
205,205
205,208
205,209
205,212
205,213
205,207
206,229
206,300
206,206
206,207
206,208
206,209
206,311
206,292
206,218
206,287
206,215
206,247
207,226
207,207
207,208
207,210
207,209
207,216
207,221
208,246
208,208
208,209
208,210
208,211
208,212
208,214
208,249
208,251
209,225
209,228
209,236
209,209
209,210
209,211
209,212
209,213
209,214
209,215
209,248
209,247
210,214
210,210
210,211
210,212
210,215
210,216
211,225
211,211
211,212
211,213
211,214
211,215
211,216
211,217
211,218
211,219
211,221
211,223
212,224
212,227
212,233
212,212
212,213
212,214
212,215
212,216
212,217
212,218
213,257
213,246
213,233
213,238
213,240
213,213
213,214
213,215
213,216
213,217
213,218
213,219
214,246
214,243
214,275
214,270
214,214
214,215
214,216
214,249
214,217
214,251
214,218
215,256
215,229
215,247
215,287
215,215
215,216
215,217
215,218
215,219
215,220
215,221
215,223
216,224
216,223
216,216
216,217
216,218
216,219
216,220
216,221
216,222
217,224
217,227
217,231
217,233
217,217
217,218
217,219
217,220
217,221
217,222
217,223
218,224
218,228
218,229
218,218
218,219
218,220
218,221
218,222
218,223
219,224
219,225
219,226
219,227
219,222
219,241
219,219
219,220
219,221
219,223
220,224
220,226
220,227
220,229
220,230
220,231
220,232
220,220
220,221
220,222
220,223
221,224
221,226
221,227
221,225
221,223
221,221
221,222
222,224
222,225
222,259
222,230
222,257
222,226
222,237
222,244
222,222
222,223
223,224
223,225
223,226
223,227
223,228
223,230
223,231
223,232
223,223
224,224
224,225
224,226
224,231
224,232
224,234
224,235
224,238
224,264
225,225
225,226
225,227
225,228
225,229
225,230
225,231
225,232
225,236
225,239
225,233
226,226
226,227
226,228
226,229
226,230
226,231
226,232
226,236
226,239
226,254
227,227
227,228
227,229
227,230
227,231
227,232
227,233
227,234
227,235
227,238
227,241
228,228
228,229
228,230
228,231
228,232
228,233
228,234
228,235
228,236
228,237
228,238
228,239
228,245
229,256
229,229
229,230
229,231
229,232
229,233
229,234
229,235
229,272
229,287
229,247
230,230
230,231
230,232
230,233
230,237
230,259
230,244
230,257
231,231
231,232
231,233
231,234
231,235
231,236
231,237
231,238
231,239
232,232
232,233
232,234
232,235
232,236
232,237
232,264
232,276
232,265
233,233
233,234
233,235
233,236
233,237
233,238
233,240
233,241
233,242
234,234
234,235
234,236
234,237
234,238
234,239
234,240
234,241
234,242
234,243
234,244
234,253
235,235
235,236
235,237
235,238
235,239
235,240
235,241
235,242
235,276
235,265
235,264
236,236
236,237
236,238
236,239
236,240
236,242
236,258
236,241
236,248
236,254
237,257
237,259
237,261
237,237
237,238
237,239
237,240
237,244
238,257
238,238
238,239
238,240
238,241
238,242
238,243
238,244
238,245
239,239
239,240
239,241
239,242
239,243
239,244
239,245
239,246
239,266
239,254
240,257
240,261
240,262
240,240
240,241
240,242
240,243
240,244
240,246
240,270
240,245
241,241
241,242
241,243
241,244
241,245
241,246
241,247
241,252
242,242
242,243
242,244
242,245
242,246
242,247
242,248
242,249
242,252
243,246
243,243
243,244
243,245
243,247
243,248
243,249
243,250
243,251
243,253
243,255
244,257
244,259
244,246
244,244
244,245
244,247
244,261
245,256
245,245
245,246
245,247
245,248
245,249
245,250
245,251
245,252
245,253
245,255
246,246
246,247
246,248
246,249
246,250
246,251
246,252
246,253
247,292
247,247
247,272
247,248
247,249
247,250
247,251
247,252
247,287
248,258
248,269
248,272
248,308
248,248
248,249
248,250
248,251
248,252
248,253
248,254
248,255
249,256
249,275
249,270
249,249
249,250
249,251
249,252
249,253
249,254
249,255
250,256
250,257
250,260
250,263
250,266
250,267
250,271
250,250
250,251
250,252
250,253
250,254
250,255
251,256
251,275
251,279
251,270
251,286
251,251
251,252
251,253
251,254
251,255
252,256
252,257
252,258
252,259
252,261
252,252
252,253
252,254
252,255
253,256
253,257
253,258
253,259
253,262
253,263
253,266
253,253
253,254
253,255
254,256
254,257
254,259
254,260
254,268
254,267
254,258
254,269
254,254
254,255
255,256
255,257
255,258
255,259
255,260
255,261
255,262
255,263
255,266
255,255
256,256
256,257
256,258
256,259
256,260
256,262
256,263
256,261
256,280
257,257
257,260
257,262
257,263
257,258
258,258
258,259
258,260
258,261
258,262
258,263
258,304
258,272
258,320
258,308
258,315
259,259
259,260
259,261
259,263
259,264
259,262
259,277
260,260
260,261
260,262
260,263
260,264
260,265
260,266
260,267
260,307
260,299
260,280
260,292
261,261
261,262
261,263
261,264
261,265
261,274
261,277
261,266
262,262
262,263
262,264
262,265
262,266
262,270
262,273
262,274
262,278
262,279
263,263
263,264
263,265
263,266
263,267
263,268
263,269
263,273
263,278
264,290
264,265
264,266
264,268
264,269
264,270
264,264
264,276
264,267
264,282
264,285
265,267
265,265
265,266
265,268
265,269
265,270
265,271
265,272
265,276
265,281
265,282
265,285
266,266
266,267
266,268
266,269
266,270
266,272
266,273
266,280
266,271
267,267
267,268
267,269
267,270
267,271
267,272
267,273
267,274
267,275
267,276
267,280
267,281
268,304
268,294
268,268
268,269
268,270
268,271
268,272
268,273
268,274
268,275
268,276
268,309
268,297
269,294
269,269
269,270
269,271
269,272
269,273
269,274
269,275
269,276
269,277
269,280
270,272
270,270
270,271
270,273
270,274
270,275
270,276
270,277
271,271
271,272
271,273
271,274
271,275
271,276
271,277
271,278
271,279
271,280
271,281
271,285
272,272
272,273
272,274
272,275
272,276
272,277
272,300
272,287
273,288
273,273
273,274
273,275
273,276
273,277
273,278
273,279
273,280
273,286
274,274
274,275
274,276
274,277
274,278
274,279
274,280
274,281
274,282
274,284
275,283
275,278
275,291
275,275
275,276
275,277
275,279
275,286
276,295
276,290
276,276
276,277
276,282
276,285
277,289
277,290
277,296
277,277
277,278
277,279
277,280
277,283
277,284
278,288
278,291
278,326
278,316
278,278
278,279
278,280
278,281
278,282
278,283
278,284
278,285
279,288
279,289
279,283
279,279
279,280
279,281
279,282
279,284
279,285
279,286
279,287
280,281
280,280
280,292
280,282
280,283
280,284
280,285
280,286
281,288
281,289
281,290
281,299
281,297
281,281
281,282
281,283
281,284
281,285
281,286
281,287
282,288
282,289
282,290
282,291
282,295
282,282
282,283
282,284
282,285
282,286
282,287
283,288
283,289
283,290
283,318
283,296
283,302
283,312
283,283
283,284
283,285
283,286
283,287
284,288
284,289
284,290
284,291
284,292
284,293
284,296
284,284
284,285
284,286
284,287
285,288
285,289
285,290
285,291
285,292
285,285
285,286
285,287
286,288
286,289
286,290
286,292
286,294
286,295
286,296
286,286
286,287
287,288
287,289
287,290
287,292
287,311
287,300
287,287
288,288
288,289
288,290
288,292
288,294
288,295
288,296
288,297
288,298
289,289
289,290
289,291
289,292
289,293
289,294
289,296
289,298
289,301
290,290
290,291
290,292
290,293
290,294
290,297
290,296
291,291
291,292
291,293
291,294
291,295
291,296
291,297
291,298
291,303
291,306
291,326
291,316
292,293
292,294
292,295
292,311
292,300
292,307
292,292
293,293
293,294
293,295
293,296
293,297
293,298
293,299
293,300
293,301
293,302
293,303
293,304
293,306
293,312
294,294
294,295
294,296
294,297
294,298
294,304
294,320
294,309
294,310
294,313
295,295
295,328
295,297
295,298
295,299
295,337
295,303
295,296
295,317
295,340
295,314
296,296
296,297
296,298
296,299
296,301
296,302
296,305
296,312
297,297
297,298
297,299
297,301
297,304
297,309
297,310
297,300
297,313
297,319
298,298
298,299
298,300
298,301
298,302
298,303
298,304
298,305
298,306
298,312
298,318
299,322
299,299
299,300
299,301
299,302
299,303
299,304
299,307
299,309
299,313
299,327
299,319
300,304
300,300
300,301
300,303
300,305
300,306
300,307
300,302
300,311
300,313
300,315
301,331
301,321
301,301
301,302
301,303
301,304
301,305
301,306
301,307
301,333
301,345
301,325
302,302
302,303
302,304
302,305
302,306
302,307
302,308
302,309
302,310
302,311
302,312
302,317
303,303
303,304
303,305
303,306
303,307
303,308
303,309
303,310
303,311
303,314
303,316
304,320
304,323
304,304
304,305
304,306
304,307
304,308
304,315
305,321
305,325
305,353
305,331
305,305
305,306
305,307
305,308
305,309
305,310
305,345
305,333
306,306
306,307
306,308
306,309
306,310
306,311
306,312
306,313
306,316
306,317
307,322
307,307
307,308
307,309
307,310
307,311
307,312
307,313
307,319
308,336
308,380
308,371
308,308
308,309
308,310
308,311
308,313
308,315
308,348
308,312
309,320
309,309
309,310
309,311
309,312
309,313
309,314
309,315
309,319
310,384
310,355
310,324
310,342
310,369
310,310
310,311
310,312
310,313
310,346
311,320
311,323
311,329
311,311
311,312
311,313
311,314
311,315
312,321
312,315
312,312
312,313
312,314
312,316
312,317
312,318
313,320
313,313
313,314
313,315
313,316
313,317
313,318
313,319
314,320
314,321
314,326
314,327
314,334
314,337
314,340
314,314
314,315
314,316
314,317
314,318
314,319
315,320
315,321
315,323
315,329
315,322
315,315
315,316
315,317
315,318
315,319
316,320
316,321
316,322
316,326
316,327
316,334
316,323
316,316
316,317
316,318
316,319
317,320
317,321
317,322
317,323
317,325
317,328
317,331
317,333
317,317
317,318
317,319
318,320
318,321
318,322
318,324
318,325
318,326
318,331
318,333
318,323
318,318
318,319
319,320
319,321
319,322
319,323
319,324
319,325
319,327
319,330
319,319
320,320
320,321
320,324
320,325
320,327
320,326
320,322
321,321
321,322
321,323
321,324
321,325
321,326
321,331
321,333
321,343
322,322
322,323
322,324
322,325
322,326
322,327
322,328
322,329
322,330
322,332
323,323
323,324
323,325
323,326
323,327
323,329
323,336
323,350
323,348
323,356
324,324
324,325
324,326
324,327
324,328
324,367
324,369
324,384
324,355
324,340
324,342
324,346
325,325
325,326
325,327
325,328
325,329
325,330
325,331
325,333
325,343
326,326
326,327
326,328
326,329
326,330
326,334
326,337
326,340
327,327
327,328
327,329
327,330
327,332
327,333
327,334
327,336
327,331
328,331
328,328
328,329
328,330
328,332
328,333
328,365
328,359
328,337
328,340
328,374
328,376
329,329
329,330
329,331
329,332
329,333
329,334
329,335
329,336
329,342
329,346
329,348
330,356
330,330
330,331
330,332
330,333
330,334
330,335
330,336
330,337
330,358
330,351
330,349
331,331
331,332
331,337
331,333
331,336
331,338
331,334
331,343
331,335
332,332
332,333
332,334
332,335
332,336
332,337
332,338
332,339
332,340
332,341
332,342
332,349
332,351
333,337
333,333
333,336
333,338
333,334
333,343
333,335
334,334
334,335
334,336
334,337
334,338
334,339
334,340
334,341
334,342
334,343
335,356
335,335
335,336
335,337
335,338
335,339
335,340
335,341
335,342
335,343
335,344
335,349
335,351
336,358
336,336
336,337
336,338
336,339
336,371
336,363
336,348
336,350
337,357
337,337
337,338
337,339
337,340
337,341
337,343
337,344
338,352
338,356
338,338
338,339
338,340
338,341
338,342
338,343
338,344
338,345
338,349
338,351
339,354
339,379
339,388
339,375
339,370
339,339
339,340
339,341
339,342
339,343
339,347
339,382
339,373
340,352
340,340
340,341
340,342
340,343
340,344
340,345
340,346
341,352
341,360
341,366
341,342
341,343
341,344
341,345
341,346
341,347
341,348
341,349
341,341
342,355
342,342
342,363
342,343
342,344
342,345
342,346
342,367
342,349
343,343
343,344
343,345
343,346
343,347
343,348
343,349
344,352
344,354
344,360
344,361
344,344
344,345
344,346
344,347
344,348
344,349
344,350
344,351
345,353
345,357
345,361
345,362
345,345
345,346
345,347
345,348
345,349
345,350
345,351
346,352
346,355
346,358
346,356
346,346
346,347
346,348
346,349
346,350
346,351
347,352
347,353
347,354
347,355
347,357
347,373
347,361
347,374
347,347
347,348
347,349
347,350
347,351
348,352
348,348
348,363
348,367
348,371
348,380
348,349
348,350
348,351
349,352
349,353
349,354
349,355
349,349
349,350
349,351
350,352
350,353
350,354
350,358
350,392
350,363
350,364
350,371
350,377
350,350
350,351
351,352
351,353
351,354
351,355
351,356
351,358
351,366
351,351
352,352
352,353
352,354
352,355
352,356
352,389
352,360
352,370
352,372
353,353
353,354
353,355
353,356
353,357
353,358
353,359
353,362
353,395
353,397
353,385
353,383
354,354
354,355
354,356
354,357
354,358
354,359
354,361
354,370
354,372
354,373
354,374
355,355
355,358
355,357
355,360
355,359
355,367
355,369
355,384
355,356
356,356
356,357
356,358
356,359
356,360
356,361
356,363
356,365
356,362
357,357
357,358
357,359
357,360
357,361
357,362
357,363
357,364
357,365
357,366
357,367
357,368
358,358
358,359
358,360
358,361
358,363
358,364
358,365
358,369
358,362
359,359
359,361
359,362
359,363
359,364
359,365
359,366
359,360
359,374
359,376
359,378
359,383
360,360
360,361
360,362
360,363
360,364
360,365
360,366
360,369
360,372
360,390
360,389
361,361
361,362
361,363
361,364
361,365
361,366
361,367
361,368
361,370
361,372
362,395
362,362
362,363
362,364
362,365
362,366
362,367
362,368
362,385
362,376
362,383
363,368
363,363
363,364
363,365
363,366
363,367
363,369
363,370
364,364
364,365
364,366
364,367
364,368
364,392
364,405
364,401
364,377
364,399
364,369
365,365
365,366
365,367
365,368
365,374
365,376
365,378
365,369
365,383
366,407
366,366
366,367
366,368
366,369
366,402
366,401
366,393
366,412
367,384
367,367
367,368
367,369
367,370
367,371
367,380
367,381
368,401
368,392
368,368
368,369
368,370
368,371
368,372
368,373
368,393
368,377
368,399
369,386
369,389
369,393
369,369
369,370
369,371
369,372
369,390
370,370
370,372
370,373
370,374
370,375
370,376
370,371
370,378
370,379
370,380
370,377
371,387
371,371
371,373
371,374
371,375
371,376
371,372
371,378
371,399
371,381
371,377
372,389
372,372
372,373
372,374
372,375
372,376
372,377
372,378
372,379
372,380
372,381
373,384
373,385
373,386
373,373
373,374
373,375
373,376
373,377
373,378
373,380
373,381
373,383
374,384
374,386
374,374
374,375
374,376
374,377
374,378
374,380
374,381
374,382
375,384
375,388
375,391
375,408
375,375
375,376
375,377
375,378
375,379
375,380
375,381
375,382
375,383
376,385
376,376
376,377
376,378
376,379
376,380
376,381
376,382
376,383
377,392
377,399
377,401
377,377
377,378
377,379
377,380
377,381
377,405
378,384
378,385
378,386
378,378
378,379
378,380
378,381
378,382
378,383
379,384
379,385
379,386
379,387
379,388
379,391
379,395
379,379
379,380
379,381
379,382
379,383
380,416
380,387
380,406
380,380
380,414
380,381
380,382
381,384
381,386
381,387
381,399
381,390
381,381
381,382
381,383
382,384
382,385
382,386
382,387
382,388
382,391
382,418
382,413
382,429
382,382
382,383
383,384
383,386
383,387
383,388
383,395
383,397
383,385
383,383
384,384
384,385
384,386
384,390
384,389
384,387
384,388
385,386
385,387
385,388
385,389
385,390
385,385
385,391
385,397
385,395
385,426
386,386
386,387
386,388
386,389
386,390
386,391
386,396
386,403
386,404
387,387
387,388
387,389
387,390
387,391
387,392
387,393
387,394
387,399
387,406
388,388
388,389
388,390
388,391
388,392
388,393
388,394
388,429
388,431
388,413
389,389
389,390
389,393
389,394
389,391
389,396
389,397
389,398
389,392
389,395
390,390
390,391
390,393
390,394
390,392
390,397
390,398
390,399
390,400
390,395
391,391
391,392
391,393
391,394
391,395
391,396
391,429
391,431
391,449
391,413
392,392
392,393
392,394
392,395
392,397
392,399
392,401
392,405
392,396
392,415
393,393
393,394
393,395
393,396
393,397
393,399
393,402
393,398
393,407
393,410
394,418
394,394
394,395
394,396
394,397
394,398
394,400
394,402
394,422
394,425
394,420
394,423
395,395
395,396
395,397
395,398
395,399
395,400
395,408
395,409
396,417
396,422
396,396
396,397
396,398
396,399
396,432
396,401
396,400
396,403
396,404
396,411
397,397
397,398
397,399
397,400
397,401
397,402
397,408
397,409
397,426
398,417
398,422
398,398
398,399
398,400
398,401
398,402
398,403
398,404
398,405
398,406
398,411
399,400
399,399
399,401
399,402
399,404
399,403
400,420
400,423
400,425
400,400
400,401
400,402
400,403
400,404
400,405
400,406
400,408
400,409
401,401
401,402
401,403
401,404
401,406
401,407
401,408
401,415
401,405
402,419
402,420
402,422
402,402
402,403
402,404
402,406
402,407
402,408
402,412
402,405
403,417
403,422
403,428
403,403
403,404
403,405
403,406
403,407
403,408
403,409
403,410
403,411
404,417
404,422
404,423
404,404
404,405
404,406
404,407
404,408
404,409
404,410
404,411
405,409
405,424
405,421
405,463
405,405
405,406
405,407
405,408
405,410
405,415
406,416
406,430
406,457
406,439
406,434
406,406
406,407
406,408
406,409
406,414
407,419
407,427
407,407
407,408
407,409
407,410
407,411
407,412
407,413
407,414
407,437
408,418
408,431
408,408
408,409
408,410
408,411
408,412
408,429
409,441
409,443
409,429
409,431
409,409
409,410
409,411
409,412
409,413
409,414
410,416
410,417
410,421
410,439
410,434
410,414
410,442
410,411
410,412
410,413
410,410
410,415
411,416
411,417
411,418
411,419
411,422
411,432
411,411
411,412
411,413
411,414
411,415
412,416
412,417
412,418
412,419
412,420
412,422
412,423
412,427
412,412
412,413
412,414
412,415
413,416
413,417
413,418
413,451
413,454
413,429
413,431
413,450
413,414
413,413
413,415
414,416
414,417
414,418
414,419
414,439
414,430
414,434
414,469
414,457
414,414
414,415
415,416
415,417
415,418
415,419
415,420
415,421
415,463
415,424
415,464
415,478
415,415
416,416
416,417
416,418
416,419
416,420
416,421
416,453
416,457
416,430
416,469
416,439
417,417
417,418
417,419
417,420
417,421
417,422
417,428
417,432
418,418
418,419
418,420
418,421
418,422
418,425
418,429
418,440
418,438
419,419
419,420
419,421
419,422
419,423
419,424
419,425
419,427
419,437
419,438
420,420
420,421
420,422
420,423
420,424
420,425
420,427
420,428
420,437
420,426
421,421
421,422
421,423
421,424
421,425
421,426
421,427
421,463
421,464
421,453
421,481
422,422
422,424
422,428
422,429
422,430
422,425
422,426
423,432
423,423
423,424
423,425
423,427
423,428
423,429
423,430
423,431
423,433
423,434
423,426
424,424
424,425
424,426
424,427
424,428
424,429
424,430
424,463
425,432
425,425
425,427
425,428
425,429
425,430
425,431
425,437
425,438
425,426
426,448
426,443
426,426
426,427
426,428
426,430
426,429
426,433
426,436
426,431
426,446
427,427
427,428
427,429
427,430
427,431
427,432
427,433
427,437
427,438
427,440
428,448
428,428
428,429
428,430
428,431
428,432
428,433
428,436
428,444
428,446
429,429
429,430
429,431
429,432
429,433
430,457
430,430
430,431
430,432
430,469
430,439
430,475
431,449
431,431
431,432
431,433
431,434
431,435
431,441
432,432
432,433
432,434
432,435
432,436
432,437
432,438
432,439
432,440
433,448
433,433
433,434
433,435
433,436
433,437
433,438
433,439
433,474
433,444
433,466
433,446
434,445
434,438
434,453
434,434
434,435
434,436
434,437
434,439
434,440
434,441
434,442
434,447
435,482
435,491
435,452
435,459
435,462
435,435
435,436
435,437
435,438
435,439
435,440
435,441
435,442
435,479
436,448
436,436
436,437
436,438
436,439
436,440
436,441
436,442
436,443
436,444
436,445
436,446
436,447
437,439
437,437
437,438
437,440
437,441
437,443
437,444
437,446
437,447
438,450
438,451
438,438
438,439
438,440
438,441
438,442
438,443
438,444
439,439
439,440
439,441
439,443
439,442
439,453
440,456
440,458
440,460
440,440
440,441
440,442
440,443
440,444
440,445
440,446
441,441
441,452
441,454
441,449
441,459
441,442
441,443
441,444
441,445
442,448
442,456
442,458
442,442
442,464
442,465
442,443
442,444
442,445
442,446
442,447
443,450
443,452
443,449
443,459
443,460
443,443
443,444
443,445
443,446
443,447
444,448
444,449
444,450
444,472
444,467
444,471
444,444
444,445
444,446
444,447
445,448
445,449
445,450
445,451
445,453
445,458
445,464
445,465
445,467
445,445
445,446
445,447
446,448
446,449
446,450
446,451
446,452
446,465
446,456
446,446
446,447
447,448
447,449
447,450
447,451
447,452
447,453
447,454
447,456
447,465
447,467
447,447
448,448
448,449
448,450
448,451
448,452
448,453
448,454
448,455
448,474
448,466
449,449
449,450
449,451
449,452
449,453
449,454
449,456
449,457
449,458
449,455
450,450
450,451
450,452
450,453
450,454
450,455
450,456
450,457
450,458
450,460
451,451
451,452
451,453
451,454
451,455
451,456
451,457
451,460
451,461
451,468
451,473
452,452
452,453
452,454
452,455
452,456
452,457
452,458
452,459
452,460
452,462
453,454
453,456
453,457
453,453
453,455
453,464
453,469
453,471
454,454
454,455
454,456
454,458
454,459
454,460
455,455
455,456
455,458
455,459
455,460
455,461
455,462
455,480
456,456
456,457
456,458
456,459
456,460
456,465
456,467
456,468
457,457
457,458
457,459
457,460
457,461
457,483
457,469
457,475
458,458
458,459
458,460
458,461
458,462
458,465
458,467
458,468
458,470
459,482
459,459
459,460
459,461
459,462
459,463
459,464
459,465
459,466
459,479
460,480
460,460
460,461
460,462
460,463
460,464
460,468
460,473
461,480
461,486
461,488
461,461
461,462
461,463
461,464
461,465
461,466
461,467
461,468
461,470
461,476
462,467
462,482
462,491
462,462
462,493
462,464
462,465
462,466
462,468
462,469
462,463
462,479
463,469
463,463
463,464
463,465
463,466
463,467
463,468
463,470
463,498
464,464
464,465
464,466
464,467
464,468
464,469
464,470
464,471
465,474
465,465
465,466
465,467
465,468
465,469
465,471
465,473
466,482
466,485
466,466
466,467
466,468
466,469
466,470
466,471
466,472
466,473
466,479
467,467
467,468
467,469
467,470
467,471
467,472
467,473
467,475
468,468
468,469
468,470
468,471
468,472
468,473
468,474
468,476
469,483
469,470
469,471
469,472
469,475
469,469
470,486
470,487
470,488
470,470
470,471
470,472
470,473
470,474
470,475
470,476
470,478
471,481
471,484
471,476
471,471
471,472
471,473
471,474
471,475
471,477
471,478
472,481
472,484
472,489
472,492
472,476
472,472
472,473
472,474
472,475
472,477
472,478
473,480
473,491
473,493
473,473
473,474
473,475
473,476
473,477
474,485
474,489
474,492
474,495
474,496
474,474
474,475
474,476
474,477
474,478
474,479
475,480
475,481
475,483
475,475
475,476
475,477
475,478
475,479
476,480
476,481
476,482
476,484
476,486
476,488
476,490
476,476
476,477
476,478
476,479
477,480
477,481
477,482
477,485
477,492
477,495
477,496
477,497
477,477
477,478
477,479
478,480
478,481
478,482
478,483
478,484
478,486
478,488
478,490
478,479
478,478
479,480
479,481
479,482
479,483
479,484
479,485
479,495
479,494
479,479
480,480
480,481
480,482
480,483
480,484
480,485
481,481
481,482
481,483
481,484
481,486
481,487
481,488
481,485
482,482
482,483
482,484
482,485
482,486
482,487
482,491
482,493
483,483
483,484
483,485
483,486
483,487
483,488
483,498
483,489
484,484
484,485
484,486
484,487
484,488
484,489
484,490
484,491
485,485
485,486
485,487
485,488
485,489
485,490
485,494
485,495
485,496
486,486
486,487
486,488
486,489
486,490
486,491
486,492
486,494
486,493
487,487
487,488
487,489
487,490
487,491
487,492
487,493
487,494
487,495
487,496
487,497
488,488
488,491
488,492
488,494
488,493
488,496
488,497
488,495
489,489
489,490
489,491
489,492
489,493
489,494
489,495
489,496
489,497
490,490
490,491
490,492
490,493
490,494
490,495
490,496
490,497
491,491
491,492
491,493
491,495
491,494
492,492
492,493
492,494
492,495
492,496
493,493
493,495
493,496
493,497
493,494
494,494
494,495
494,496
494,497
495,495
495,496
495,497
496,496
496,497
496,498
497,497
497,498
