0,1
0,2
0,3
0,4
0,16
0,17
0,52
0,53
0,71
0,72
0,74
0,76
0,83
0,84
0,197
0,198
0,233
0,236
0,237
0,289
0,336
1,2
1,4
1,16
1,17
1,52
1,53
1,83
1,115
1,176
1,177
1,194
1,197
1,236
1,237
1,287
1,288
1,289
1,336
1,337
1,338
1,351
2,3
2,4
2,115
2,170
2,195
2,197
2,237
2,336
3,4
3,117
3,119
3,126
3,161
3,162
3,163
3,170
3,193
3,206
3,228
3,573
4,69
4,118
4,119
4,140
4,141
4,142
4,159
4,160
4,161
4,162
4,170
4,182
4,193
4,206
4,573
5,6
5,50
5,51
5,305
5,349
5,364
5,365
5,367
5,368
5,523
5,524
5,541
5,542
5,556
5,557
5,558
5,560
6,7
6,8
6,9
6,50
6,51
6,364
6,522
6,523
6,541
6,542
6,556
6,557
6,558
6,560
7,50
7,51
7,56
7,57
7,114
7,332
7,339
7,340
7,341
7,342
7,346
7,349
7,364
7,482
7,484
7,541
7,542
7,556
7,557
7,558
7,559
7,560
7,587
8,9
8,34
8,35
8,36
8,37
8,38
8,219
8,220
8,221
8,222
8,339
8,340
8,341
8,342
8,349
8,367
8,368
8,534
8,535
8,542
9,219
9,220
9,221
9,222
9,534
10,11
10,12
10,13
10,14
10,15
10,16
11,12
11,13
11,14
11,17
11,28
11,29
11,30
11,38
11,39
11,71
11,157
11,356
11,357
12,13
12,14
12,16
12,18
12,28
12,29
12,30
12,38
12,39
12,55
12,127
12,128
12,129
12,130
12,235
12,238
12,272
12,273
12,274
12,275
12,338
12,355
12,356
12,357
12,358
12,359
12,360
12,361
12,362
12,521
12,522
12,552
12,555
12,556
13,14
13,15
13,28
13,29
13,30
13,38
13,39
13,56
13,57
13,78
13,127
13,128
13,129
13,130
13,235
13,238
13,272
13,273
13,275
13,284
13,285
13,355
13,356
13,357
13,358
13,359
13,360
13,361
14,15
14,17
14,18
14,56
14,57
14,127
14,129
14,130
14,235
14,272
14,273
14,275
14,284
14,285
14,358
14,359
14,360
14,361
14,490
15,16
15,17
15,18
15,30
15,57
15,72
15,77
15,78
15,127
15,129
15,130
15,272
15,273
15,275
15,284
15,285
15,355
15,356
15,357
15,358
15,359
15,360
15,361
15,490
16,17
16,18
16,71
16,72
16,73
16,77
16,115
16,127
16,194
16,225
16,273
16,275
16,289
16,351
16,359
16,360
16,361
17,18
17,28
17,38
17,39
17,71
17,72
17,73
17,115
17,157
19,20
19,22
19,23
19,24
19,27
19,43
19,44
19,64
19,65
19,66
19,93
19,111
19,112
19,120
19,164
19,165
19,166
19,167
19,168
19,206
19,214
19,215
19,216
19,269
19,291
19,293
19,307
19,308
19,309
19,310
19,362
19,363
19,371
19,372
19,383
19,385
19,413
19,555
19,556
20,21
20,22
20,27
20,64
20,65
20,66
20,93
20,229
20,295
20,296
20,307
20,308
20,309
20,310
20,371
20,372
21,22
21,23
21,24
21,25
21,64
21,65
21,66
21,229
21,234
21,295
21,296
21,308
21,309
21,310
21,311
21,371
21,372
22,23
22,24
22,25
22,42
22,43
22,64
22,65
22,66
22,93
22,229
22,280
22,281
22,282
22,295
22,296
22,307
22,308
22,310
22,311
22,358
22,359
22,361
22,362
22,363
22,371
22,372
22,492
22,493
22,555
22,556
23,24
23,25
23,26
23,27
23,28
23,50
23,127
23,129
23,130
23,272
23,280
23,281
23,282
23,283
23,284
23,285
23,358
23,359
23,489
24,25
24,26
24,27
24,312
24,313
24,314
24,315
24,373
24,374
24,403
24,487
24,488
25,26
25,47
25,94
25,164
25,165
25,166
25,186
25,214
25,215
25,282
25,312
25,313
25,314
25,315
25,373
25,374
25,383
25,386
25,398
25,399
25,401
25,402
25,403
25,406
25,407
25,408
25,421
25,422
25,486
25,487
25,488
25,489
26,27
26,44
26,45
26,47
26,94
26,164
26,165
26,166
26,186
26,214
26,215
26,312
26,313
26,314
26,315
26,374
26,383
26,386
26,398
26,399
26,401
26,402
26,403
26,406
26,407
26,408
26,421
26,422
26,486
27,186
27,312
27,313
27,314
27,318
27,401
27,402
27,403
27,407
27,408
27,486
27,519
28,29
28,31
28,32
28,33
28,34
28,35
28,36
28,41
28,69
28,71
28,78
28,81
28,127
28,128
28,129
28,130
28,157
28,238
28,272
28,273
28,274
28,275
28,276
28,277
28,278
28,279
28,358
28,490
28,492
28,493
28,552
29,30
29,31
29,32
29,33
29,34
29,35
29,36
29,37
29,40
29,41
29,78
29,127
30,35
30,37
30,38
30,40
30,41
30,78
30,127
30,129
30,130
30,237
30,272
30,273
30,274
30,275
30,276
30,277
30,278
30,279
30,356
30,358
30,552
31,32
31,37
31,38
31,40
31,41
31,199
31,200
31,237
31,272
31,273
31,274
31,275
31,276
31,277
31,356
31,358
31,552
32,33
32,35
32,37
32,38
32,40
32,41
32,531
32,532
33,34
33,35
33,37
33,38
33,40
33,41
33,276
33,277
33,355
33,356
33,358
33,531
34,35
34,36
34,39
34,40
34,41
34,199
34,219
34,222
34,272
34,273
34,274
34,275
34,355
34,531
34,552
35,36
35,37
35,38
35,39
35,40
35,41
35,219
35,222
35,223
36,37
36,39
36,40
36,41
36,219
36,222
36,223
36,533
36,542
37,38
37,219
37,222
37,223
37,587
37,588
37,589
37,590
38,39
38,40
38,69
38,71
38,78
38,156
38,157
38,219
38,222
38,223
38,586
38,587
38,588
38,589
38,590
38,591
39,40
39,41
39,69
39,71
39,78
39,156
39,157
40,41
42,43
42,44
42,46
42,48
42,49
42,62
42,64
42,65
42,66
42,94
42,164
42,165
42,166
42,167
42,213
42,214
42,307
42,308
42,309
42,310
42,323
42,369
42,372
42,473
42,474
42,555
43,44
43,45
43,46
43,47
43,48
43,49
43,62
43,64
43,65
43,66
43,93
43,120
43,124
43,186
43,203
43,204
43,231
43,268
43,269
43,291
43,307
43,308
43,309
43,310
43,312
43,313
43,314
43,318
43,371
43,372
43,385
43,555
43,556
44,46
44,164
44,165
44,166
44,167
44,168
44,186
44,203
44,204
44,214
44,215
44,216
44,307
44,308
44,309
44,310
44,312
44,313
44,314
44,318
44,321
44,371
44,383
44,385
44,412
44,413
44,414
44,422
44,486
44,519
45,46
45,164
45,165
45,166
45,167
45,168
45,186
45,211
45,214
45,215
45,216
45,312
45,313
45,314
45,318
45,321
45,383
45,384
45,385
45,412
45,413
45,414
45,422
45,486
45,519
45,529
46,164
46,165
46,166
46,167
46,168
46,211
46,214
46,215
46,216
46,413
46,414
47,48
47,49
47,94
47,164
47,165
47,166
47,167
47,168
47,185
47,186
47,214
47,215
47,216
47,312
47,313
47,314
47,318
47,321
47,383
47,384
47,385
47,391
47,398
47,410
47,412
47,413
47,414
47,421
47,422
47,453
47,454
47,459
47,486
47,519
47,529
48,94
48,164
48,165
48,166
48,167
48,168
48,214
48,215
48,216
48,391
48,412
48,413
48,414
48,422
48,453
48,454
48,459
49,62
49,64
49,94
49,164
49,165
49,166
49,167
49,168
49,213
49,214
49,215
49,312
49,313
49,314
49,318
49,321
49,323
49,383
49,384
49,385
49,399
49,412
49,413
49,453
49,473
49,474
50,51
50,52
50,53
50,54
50,55
50,56
50,57
50,231
50,233
50,234
50,281
50,282
50,283
50,284
50,305
50,306
50,332
50,361
50,362
50,363
50,364
50,480
50,489
50,490
50,491
50,492
50,493
50,522
50,523
50,524
50,548
50,549
50,550
50,555
50,556
51,55
51,56
51,57
51,60
51,61
51,111
51,112
51,143
51,173
51,176
51,177
51,178
51,204
51,231
51,233
51,234
51,281
51,305
51,332
51,361
51,362
51,363
51,364
51,369
51,464
51,480
51,490
51,491
51,492
51,493
51,505
51,522
51,523
51,524
51,547
51,548
51,549
51,550
51,555
51,556
51,580
51,582
52,53
52,54
52,56
52,110
52,111
52,112
52,176
52,177
52,178
52,197
52,199
52,201
52,203
52,204
52,231
52,233
52,234
52,236
52,237
52,287
52,305
52,336
52,369
52,371
52,464
52,505
53,54
53,110
53,111
53,112
53,177
53,178
53,197
53,199
53,201
53,203
53,204
53,236
53,287
53,369
53,464
53,505
53,508
54,55
54,56
54,109
54,110
54,111
54,112
54,178
54,199
54,201
54,202
54,203
54,204
54,231
54,235
54,236
54,262
54,263
54,286
54,371
54,465
54,475
54,505
54,510
55,56
55,57
55,200
55,201
55,202
55,235
55,236
55,272
55,283
55,284
55,285
55,286
55,480
55,481
55,482
55,492
55,493
55,521
55,522
55,523
55,524
55,526
55,548
55,549
56,57
56,130
56,235
56,272
56,281
56,282
56,283
56,284
56,285
56,286
56,362
56,363
56,364
57,130
57,235
57,238
57,272
57,281
57,282
57,283
57,284
57,285
57,286
57,331
57,332
57,362
57,363
57,364
57,550
57,555
57,556
57,557
58,59
58,60
58,61
58,62
58,63
58,64
58,65
58,66
58,67
58,68
58,120
58,265
58,266
58,268
58,291
58,293
58,507
58,508
58,580
58,581
58,582
58,583
59,62
59,63
59,64
59,68
59,86
59,87
59,293
59,295
59,296
59,298
59,299
59,300
59,421
59,438
59,443
59,446
59,447
59,448
59,449
59,473
59,507
59,508
59,509
59,510
59,536
59,537
59,567
59,568
59,580
59,581
59,582
59,583
60,61
60,65
60,66
60,113
60,231
60,232
60,233
60,234
60,305
60,362
60,363
60,370
60,472
60,473
60,496
60,497
60,556
60,579
60,580
60,582
61,65
61,66
61,112
61,113
61,231
61,232
61,233
61,234
61,305
61,362
61,363
61,369
61,370
61,372
61,472
61,473
61,474
61,556
62,63
62,65
62,66
62,318
62,372
63,64
63,66
63,67
63,369
63,372
63,472
63,473
64,68
64,87
64,92
64,93
64,166
64,213
64,214
64,215
64,307
64,308
64,309
64,310
64,312
64,369
64,372
64,473
64,490
64,491
64,492
64,493
65,66
65,86
65,87
65,88
65,92
65,93
65,307
65,308
65,490
65,491
65,492
65,493
65,536
65,537
65,568
66,67
66,86
66,87
66,88
66,92
66,93
66,120
66,268
66,269
66,291
66,293
66,295
66,296
66,298
66,307
66,308
66,490
66,491
66,492
66,493
66,536
66,537
66,568
67,68
67,86
67,87
67,88
67,91
67,92
67,93
67,120
67,263
67,265
67,266
67,268
67,269
67,291
67,293
67,295
67,296
67,298
67,299
67,300
67,536
67,537
67,567
67,568
67,580
67,581
67,582
67,583
68,86
68,87
68,88
68,120
68,262
68,263
68,265
68,266
68,268
68,291
68,293
68,295
68,296
68,298
68,299
68,300
68,443
68,447
68,448
68,475
68,507
68,508
68,536
68,537
68,565
68,567
68,568
68,580
68,581
68,582
68,583
69,70
69,72
69,75
69,118
69,143
69,157
69,158
69,159
69,160
69,538
70,72
70,73
70,74
70,75
70,157
70,538
71,72
71,74
71,75
71,77
71,83
71,84
71,127
71,157
71,197
71,198
71,199
71,289
72,73
72,75
72,77
72,83
72,84
72,197
72,198
72,199
72,289
72,358
73,74
73,75
73,77
74,75
74,161
74,289
76,161
76,162
77,78
77,79
77,80
77,84
77,127
77,275
77,355
77,356
77,357
77,358
77,359
78,79
78,80
78,83
78,84
78,127
78,355
78,356
78,357
78,358
78,532
79,80
79,81
79,127
79,133
79,134
79,135
79,335
79,553
80,81
80,83
80,84
80,335
81,82
81,83
81,84
81,127
81,133
81,134
81,135
81,225
81,227
81,287
81,335
81,338
81,553
82,127
82,133
82,134
82,135
82,225
82,227
82,287
82,335
82,338
82,553
83,84
83,198
83,199
83,287
83,289
83,338
85,86
85,87
85,88
85,89
85,97
85,101
85,105
85,106
85,107
85,164
85,165
85,166
85,168
85,169
85,215
85,260
85,263
85,264
85,266
85,267
85,268
85,298
85,299
85,300
85,312
85,313
85,318
85,321
85,378
85,379
85,382
85,383
85,384
85,385
85,395
85,396
85,412
85,413
85,421
85,422
85,423
85,425
85,426
85,427
85,428
85,429
85,438
85,467
85,468
85,469
85,486
85,497
85,519
85,566
85,569
85,570
85,571
85,583
85,584
86,87
86,88
86,97
86,101
86,106
86,107
86,120
86,124
86,260
86,263
86,264
86,265
86,266
86,267
86,268
86,269
86,291
86,293
86,295
86,296
86,308
86,309
86,310
86,412
86,421
86,422
86,428
86,429
86,443
86,447
86,448
86,467
86,468
86,469
86,475
86,497
86,536
86,568
86,580
86,581
86,582
86,583
86,584
87,88
87,91
87,120
87,124
87,260
87,263
87,264
87,265
87,266
87,267
87,268
87,269
87,291
87,293
87,295
87,296
87,309
87,310
87,468
87,469
87,475
87,536
87,580
87,581
87,582
87,583
88,89
88,90
88,91
88,94
88,96
88,97
88,475
88,580
88,581
88,582
89,90
89,94
89,96
89,97
90,91
90,93
90,94
90,96
91,93
91,260
91,263
91,264
91,265
91,266
91,267
91,581
91,582
91,583
92,94
92,96
92,120
92,124
92,263
92,265
92,266
92,268
92,269
92,291
92,293
92,295
92,296
92,307
92,308
92,309
92,310
92,372
92,536
92,583
93,94
93,95
93,96
93,263
93,265
93,266
93,268
93,307
93,308
93,309
93,310
93,369
93,372
93,492
93,493
94,95
94,96
94,164
94,165
94,166
94,168
94,214
94,215
94,312
94,313
94,318
94,321
94,369
94,372
94,383
94,384
94,385
94,406
94,407
94,408
94,412
94,413
94,421
94,422
94,426
94,427
94,453
94,473
94,486
94,519
94,529
95,96
95,97
95,105
95,164
95,165
95,166
95,168
95,214
95,215
95,312
95,313
95,318
95,321
95,383
95,384
95,385
95,401
95,406
95,407
95,408
95,412
95,413
95,421
95,422
95,426
95,427
95,486
95,519
95,529
96,105
96,106
96,164
96,165
96,168
96,412
96,413
96,422
97,164
97,165
97,166
97,169
97,215
97,312
97,313
97,318
97,321
97,379
97,382
97,383
97,384
97,385
97,402
97,403
97,519
98,99
98,100
98,164
98,165
98,415
98,416
98,419
98,421
98,423
98,437
98,438
99,100
99,120
99,121
99,122
99,256
99,271
99,290
99,304
99,437
99,438
99,467
99,468
99,469
99,512
99,513
100,121
100,122
100,290
100,291
100,460
100,512
100,513
100,514
100,515
101,102
101,103
101,104
101,167
101,168
101,212
101,213
101,214
101,263
101,265
101,266
101,295
101,296
101,299
101,300
101,318
101,322
101,323
101,324
101,378
101,390
101,394
101,395
101,398
101,399
101,410
101,412
101,413
101,414
101,415
101,422
101,423
101,577
101,581
101,582
101,583
101,584
102,103
102,105
102,106
102,107
102,263
102,265
102,266
102,322
102,323
102,324
102,390
102,398
102,399
102,410
102,577
102,581
102,582
102,583
102,584
103,105
103,106
103,107
103,263
103,265
103,266
103,322
103,323
103,324
103,390
103,577
103,581
103,582
103,583
103,584
104,105
104,106
104,107
104,266
104,270
104,271
104,295
104,296
104,297
104,322
104,327
104,377
104,378
104,412
104,413
104,414
104,415
104,421
104,453
104,454
104,455
104,456
104,457
104,458
104,459
104,536
104,572
105,167
105,168
105,266
105,271
105,295
105,296
105,297
105,299
105,300
105,301
105,377
105,378
105,394
105,395
105,412
105,413
105,414
105,415
105,421
105,453
105,454
105,455
105,456
105,457
105,459
105,536
105,572
106,107
106,167
106,168
106,212
106,213
106,263
106,265
106,266
106,268
106,295
106,296
106,299
106,300
106,377
106,378
106,394
106,395
106,412
106,413
106,414
106,415
106,423
106,453
106,454
106,456
106,457
106,459
106,536
106,577
106,581
106,582
106,583
106,584
107,167
107,168
107,212
107,213
107,263
107,265
107,266
107,295
107,296
107,299
107,300
107,377
107,378
107,394
107,395
107,398
107,399
107,410
107,412
107,413
107,414
107,415
107,423
107,453
107,454
107,456
107,457
107,459
107,577
107,581
107,582
107,583
107,584
108,109
108,110
108,112
108,113
108,176
108,177
108,178
108,179
108,352
108,353
108,354
108,505
108,508
109,110
109,112
109,176
109,177
109,178
109,179
109,201
109,203
109,204
109,205
109,206
109,235
109,236
109,237
109,260
109,262
109,263
109,335
109,336
109,351
109,352
109,353
109,354
109,464
109,475
109,505
109,508
109,510
110,111
110,112
110,113
110,201
110,203
110,204
110,236
110,237
110,336
111,112
111,113
111,201
111,203
111,204
111,205
111,230
111,231
111,232
111,233
111,234
111,236
111,237
111,287
111,305
111,336
111,385
111,555
111,556
112,113
112,201
112,203
112,204
112,205
112,230
112,231
112,232
112,233
112,234
112,236
112,237
112,287
112,305
112,336
112,369
112,371
112,385
112,555
112,556
113,369
113,471
113,478
113,582
113,583
114,187
114,332
114,333
114,339
114,340
114,341
114,342
114,349
114,542
114,587
115,116
115,117
115,176
115,177
115,178
115,193
115,194
115,195
115,197
115,287
115,288
115,289
115,336
115,338
115,505
116,117
116,176
116,177
116,178
116,193
116,194
116,195
116,197
116,206
116,227
116,351
116,475
116,476
116,477
116,505
116,573
117,119
117,126
117,162
117,163
117,170
117,183
117,193
117,206
117,228
117,350
117,463
117,476
117,477
118,119
118,139
118,140
118,160
118,170
118,183
118,226
118,573
119,126
119,140
119,141
119,143
119,162
119,163
119,228
119,287
119,288
119,338
119,573
120,121
120,122
120,242
120,245
120,269
120,270
120,291
120,565
121,122
121,242
121,245
121,256
121,271
121,290
121,291
121,304
121,437
121,467
121,468
121,512
121,513
121,564
121,565
122,123
122,242
122,245
122,304
122,437
122,460
122,470
122,512
122,513
122,514
123,124
123,242
123,245
123,460
123,470
123,512
123,513
123,514
124,242
124,245
124,256
124,269
124,270
124,271
124,295
124,460
124,467
124,468
124,469
124,470
124,512
124,513
124,536
124,567
125,126
125,150
125,239
126,139
126,140
126,162
126,163
126,228
126,574
127,131
127,132
127,133
127,134
127,135
127,272
127,273
127,275
127,284
127,285
127,355
127,356
127,357
127,358
127,359
127,489
127,490
127,492
127,532
128,131
128,132
128,133
128,134
128,135
129,130
129,131
129,132
129,272
129,273
129,275
129,284
129,285
129,356
129,357
129,358
129,489
129,490
129,492
130,132
130,133
130,134
130,135
130,235
130,238
130,272
130,273
130,275
130,284
130,285
130,356
130,357
130,358
130,489
130,490
130,492
131,132
131,135
131,198
131,335
131,336
131,356
131,357
131,358
132,133
132,134
132,135
132,198
132,199
132,200
132,201
132,202
132,335
133,134
134,135
135,287
136,140
136,141
136,142
136,143
136,144
136,145
136,208
136,209
136,240
136,242
136,244
136,245
136,246
136,460
136,462
136,463
136,464
136,503
137,140
137,141
137,142
137,143
137,144
137,145
137,239
137,240
137,242
137,244
137,245
137,246
137,255
138,139
138,143
138,144
138,145
138,239
138,240
138,242
138,244
138,245
138,246
138,255
138,540
139,142
139,143
139,144
139,145
139,170
139,228
139,239
139,240
139,242
139,244
139,245
139,246
139,255
139,539
139,540
139,573
139,574
139,576
140,170
140,181
140,228
140,239
140,240
140,244
140,245
140,246
140,255
140,539
140,540
140,573
140,574
141,142
141,143
141,145
141,160
141,172
141,173
141,180
141,181
141,193
141,207
141,225
141,226
141,239
141,240
141,245
141,246
141,255
141,350
141,351
141,354
141,464
141,465
141,539
141,540
141,573
141,574
142,144
142,145
142,160
142,181
142,226
142,350
143,144
143,145
143,160
143,172
143,173
143,176
143,180
143,181
143,204
143,206
143,234
143,305
143,350
143,354
143,463
143,464
143,465
143,502
144,145
144,172
144,173
144,180
144,204
144,206
144,350
144,354
144,463
144,464
144,465
144,502
144,503
145,172
145,180
145,352
145,354
145,463
145,464
145,465
145,502
145,503
146,179
146,180
146,209
146,210
146,461
146,463
146,464
146,465
146,503
147,148
147,161
147,162
147,163
148,161
148,162
148,163
150,239
151,152
151,153
151,154
151,157
151,158
151,159
151,160
151,460
151,512
151,513
151,563
152,153
152,154
152,157
152,158
152,159
152,252
152,253
152,254
152,255
152,460
152,512
152,513
152,563
153,154
153,155
153,160
153,239
153,252
153,253
153,254
153,255
153,460
153,512
153,513
153,563
154,157
154,158
154,159
154,160
154,161
154,252
154,253
154,460
154,512
154,513
154,563
155,156
155,158
155,239
155,252
155,253
155,254
155,255
155,460
155,512
155,513
155,563
156,157
156,158
156,160
156,161
156,239
156,252
156,253
156,254
156,255
156,460
156,512
156,513
156,563
157,158
157,159
157,252
157,460
157,512
157,513
157,563
158,159
158,160
158,161
158,162
158,460
158,512
158,513
158,563
159,160
159,163
159,170
160,161
160,162
160,170
160,182
161,162
161,170
161,183
161,193
161,194
162,163
162,170
162,194
163,170
163,182
163,194
163,539
164,165
164,168
164,169
164,298
164,299
164,300
164,308
164,377
164,378
164,411
164,412
164,422
164,438
164,486
164,487
164,519
164,520
164,529
164,566
164,569
164,570
164,571
165,166
165,169
165,215
165,298
165,299
165,300
165,312
165,313
165,377
165,378
165,381
165,382
165,383
165,384
165,411
165,422
165,423
165,438
165,486
165,487
165,519
165,520
165,529
165,566
165,569
165,570
165,571
166,167
166,213
166,214
166,215
166,324
166,369
166,372
166,377
166,381
166,382
166,383
166,473
166,486
166,487
166,488
166,519
166,520
166,569
166,570
166,571
167,168
167,169
167,213
167,214
167,322
167,323
167,324
167,369
167,372
167,390
167,391
167,394
167,396
167,397
167,413
167,473
168,169
168,260
168,263
168,266
168,267
168,308
168,377
168,396
168,411
168,412
168,413
168,414
168,422
168,453
168,454
168,459
168,468
168,469
168,569
168,570
168,571
168,572
169,267
169,268
169,298
169,299
169,300
169,377
169,378
169,411
169,422
169,569
169,570
169,571
170,171
170,573
171,194
171,226
172,174
172,178
172,180
172,181
172,350
172,352
172,354
172,461
172,463
172,464
172,465
172,573
172,574
173,176
173,180
173,204
173,206
173,255
173,305
173,352
173,354
173,523
173,524
173,539
173,540
174,175
174,177
174,178
174,179
174,180
174,193
174,194
174,352
175,176
175,177
175,178
175,179
175,180
176,179
176,180
176,193
176,194
176,204
176,206
176,207
176,233
176,234
176,305
176,352
176,353
176,354
176,475
176,476
176,477
176,505
176,523
176,524
177,178
177,179
177,180
177,193
177,194
177,204
177,206
177,207
177,234
177,305
177,476
177,477
177,478
177,505
177,548
177,549
178,179
178,193
178,204
178,206
178,207
178,305
178,464
178,465
178,466
178,468
178,476
178,477
178,478
178,498
178,499
178,505
178,549
179,180
179,209
179,210
179,256
179,305
179,464
179,465
179,478
179,498
179,499
179,502
179,503
180,209
180,210
180,461
180,463
180,464
180,465
180,478
180,502
180,503
180,573
180,574
181,182
181,183
181,193
181,226
181,239
181,240
181,246
181,350
181,351
181,354
181,463
181,464
181,539
181,540
181,573
181,574
182,573
183,226
183,289
183,350
184,187
184,188
184,189
185,186
185,187
185,188
185,189
185,313
185,314
185,315
185,316
185,373
185,374
185,376
185,402
185,403
185,404
185,407
185,408
186,187
186,188
186,313
186,314
186,315
186,316
186,373
186,374
186,376
186,402
186,403
186,407
186,408
186,486
187,188
187,191
187,192
187,315
187,317
187,328
187,329
187,345
187,347
187,348
187,349
187,373
187,374
187,376
187,402
187,481
187,523
187,525
187,526
187,527
187,528
187,529
187,542
187,544
187,545
187,547
188,189
188,190
188,191
188,585
188,592
189,190
189,191
189,192
189,328
189,329
189,339
189,345
189,346
189,347
189,348
189,544
189,585
189,592
190,191
190,585
190,592
191,592
192,315
192,317
192,525
192,526
192,527
192,528
192,529
192,545
192,547
192,585
192,592
193,194
193,195
193,196
193,198
193,200
193,206
193,207
193,225
193,226
193,350
193,351
193,352
193,475
193,476
193,477
193,505
193,537
193,577
193,578
194,195
194,196
194,198
194,199
194,200
194,201
194,202
194,203
194,204
194,205
194,207
194,225
194,227
194,287
194,288
194,289
194,351
194,352
195,196
195,202
195,203
195,204
195,205
195,206
195,207
195,227
195,573
196,199
196,200
196,201
196,202
196,203
196,204
196,205
196,206
196,207
197,198
197,200
197,202
197,203
197,204
197,205
197,236
197,237
197,287
197,288
197,289
197,336
197,338
197,553
197,573
198,199
198,200
198,202
198,204
198,205
198,206
198,207
198,287
198,335
198,336
199,200
199,234
199,236
199,237
199,238
199,272
199,273
199,287
199,335
199,336
199,552
199,553
200,201
200,202
200,205
200,206
200,207
200,236
200,237
200,238
200,272
200,335
200,336
200,552
200,553
201,202
201,231
201,233
201,234
201,236
201,237
201,335
201,371
201,477
201,553
202,203
202,205
202,206
202,207
202,235
202,236
202,237
202,286
203,204
203,207
203,231
203,233
203,234
203,235
203,236
203,237
203,263
203,265
203,266
203,286
203,305
203,371
203,475
203,476
203,477
203,493
203,510
204,205
204,207
204,230
204,231
204,232
204,233
204,234
204,235
204,236
204,265
204,266
204,286
204,295
204,296
204,305
204,371
204,385
204,465
204,475
204,476
204,477
204,479
204,480
204,493
204,505
204,510
204,523
204,524
204,577
204,578
205,206
205,207
205,230
205,231
205,232
205,233
205,234
205,305
205,371
205,385
205,475
205,476
205,477
205,479
205,577
205,578
206,207
206,225
206,226
206,230
206,231
206,232
206,233
206,234
206,305
206,351
206,352
206,353
206,423
206,424
206,475
206,476
206,477
206,479
206,499
206,505
206,577
206,578
207,350
207,351
207,352
207,505
208,209
208,210
208,239
208,240
208,242
208,244
208,245
208,246
208,255
208,460
208,461
208,462
208,463
209,210
209,239
209,240
209,242
209,244
209,245
209,246
209,460
209,461
209,462
209,463
209,464
209,503
210,460
210,461
210,462
210,463
210,464
211,212
211,214
211,216
211,317
211,318
211,319
211,320
211,321
211,322
211,323
211,324
211,325
211,326
211,375
211,376
211,379
211,380
211,381
211,382
211,389
211,390
211,391
211,398
211,399
211,400
211,402
211,406
211,410
211,484
211,486
211,519
211,520
211,521
212,213
212,214
212,317
212,318
212,322
212,323
212,324
212,325
212,326
212,375
212,376
212,390
212,391
212,398
212,399
212,402
212,406
212,410
212,453
212,454
212,459
213,214
213,215
213,216
213,322
213,323
213,324
213,325
213,326
213,390
213,391
213,394
213,397
213,398
213,399
213,406
213,410
213,413
213,414
213,428
213,447
213,448
213,449
213,453
213,454
213,459
213,473
214,215
214,216
214,322
214,323
214,383
214,390
214,391
214,473
214,486
214,487
214,488
214,521
214,522
215,216
215,377
215,378
215,379
215,381
215,382
215,383
215,401
215,402
215,407
215,408
215,487
215,488
215,569
215,570
215,571
216,380
216,381
216,382
217,218
217,220
217,221
217,222
217,223
217,224
217,328
217,332
217,333
217,340
217,341
217,586
217,587
218,220
218,221
218,222
218,223
218,224
218,328
218,332
218,333
218,340
218,341
218,342
218,349
218,542
218,544
218,586
218,587
219,220
219,223
219,224
219,332
219,333
219,340
219,341
219,367
219,534
219,535
220,221
220,222
220,223
220,224
220,365
220,533
220,534
221,224
221,533
221,534
222,223
222,224
222,533
222,534
223,224
225,226
225,227
225,287
225,288
225,289
225,338
225,350
225,351
225,476
225,477
225,479
226,227
226,350
226,351
226,479
227,287
227,288
227,289
227,338
228,574
229,230
229,231
229,232
229,233
229,234
229,307
229,308
229,490
229,491
229,492
230,231
230,232
230,234
230,471
230,472
230,473
230,474
231,232
231,236
231,237
231,281
231,282
231,287
231,336
231,361
231,371
231,471
231,472
231,473
231,474
231,579
231,580
232,233
232,352
232,353
232,354
232,471
232,472
232,473
232,474
232,580
233,234
233,236
233,237
233,281
233,282
233,287
233,305
233,336
233,352
233,353
233,354
233,361
233,362
233,363
233,364
233,471
233,472
233,473
233,474
233,580
234,282
234,283
234,284
234,285
234,305
234,311
234,352
234,353
234,354
234,471
234,472
234,473
234,474
234,580
235,236
235,237
235,238
235,272
235,283
235,284
235,285
235,475
235,476
235,480
235,481
235,482
235,489
235,490
235,492
235,493
235,505
235,510
235,521
236,237
236,238
236,262
236,263
236,265
236,287
236,336
236,371
236,475
236,476
236,477
236,510
237,238
237,263
237,265
237,266
237,272
237,287
237,335
237,336
237,371
237,475
237,476
237,477
237,510
237,552
237,553
238,272
238,284
238,285
238,480
238,489
238,490
238,492
238,493
238,552
238,553
239,240
239,241
239,248
239,250
239,251
239,255
239,350
239,351
239,460
239,461
239,463
239,512
239,513
239,540
239,563
239,574
240,241
240,242
240,244
240,245
240,246
240,253
240,254
240,255
240,350
240,351
240,460
240,461
240,462
240,463
240,512
240,513
240,540
240,563
240,573
240,574
241,242
241,243
241,245
241,247
241,248
241,250
241,251
241,253
241,254
241,255
241,512
241,513
241,563
242,243
242,244
242,245
242,252
242,253
242,254
242,255
242,269
242,270
242,271
242,290
242,291
242,292
242,293
242,294
242,297
242,460
242,461
242,462
242,463
242,512
242,513
242,563
243,244
243,245
243,247
243,248
243,250
243,251
243,252
243,253
243,254
243,255
244,245
244,246
244,247
244,248
244,250
244,251
244,252
244,253
244,254
244,255
245,246
245,247
245,248
245,251
245,269
245,270
245,271
245,290
245,291
245,292
245,293
245,294
245,297
245,350
245,351
245,460
245,461
245,462
245,463
245,512
245,513
245,563
246,247
246,249
246,252
246,253
246,254
246,350
246,351
246,573
246,574
247,248
247,249
247,251
247,252
247,253
247,254
247,255
248,249
248,250
248,251
248,252
248,253
249,250
249,251
249,252
249,253
250,251
251,252
252,253
253,254
253,255
253,540
254,255
255,354
255,540
256,257
256,258
256,259
256,262
256,264
256,267
256,268
256,269
256,271
256,291
256,465
256,466
256,467
256,468
256,469
256,470
256,476
256,496
256,497
256,498
256,510
256,512
257,258
257,261
257,262
257,264
257,267
257,269
257,271
257,467
257,468
257,469
257,470
258,259
258,261
258,262
258,264
258,267
258,269
258,467
258,468
258,469
258,470
258,498
259,260
259,261
259,264
259,267
259,269
259,467
259,468
259,469
259,470
259,475
259,476
259,496
259,497
259,498
259,510
259,577
259,578
259,579
260,264
260,270
260,271
260,370
260,395
260,396
260,467
260,468
260,469
260,470
260,475
260,476
260,496
260,497
260,498
260,510
260,577
260,578
260,579
260,584
261,262
261,264
261,270
261,271
261,577
261,583
261,584
262,263
262,271
262,475
262,496
262,510
262,577
262,578
262,583
262,584
263,271
263,390
263,393
263,395
263,396
263,449
263,451
263,475
263,496
263,497
263,510
263,536
263,567
263,577
263,578
263,583
263,584
264,265
264,270
264,271
265,267
265,270
265,271
265,390
265,393
265,475
265,510
265,577
265,578
265,583
265,584
266,268
266,295
266,296
266,300
266,390
266,393
266,395
266,396
266,423
266,424
266,425
266,453
266,475
266,508
266,510
266,536
266,537
266,567
266,572
266,577
266,578
266,583
266,584
267,270
267,271
267,567
268,295
268,296
268,306
268,307
268,415
268,421
268,423
268,424
268,425
268,443
268,444
268,446
268,447
268,480
268,490
268,491
268,492
268,493
268,494
268,495
268,536
268,537
268,567
268,572
268,583
268,584
269,270
269,291
269,293
269,294
269,295
269,296
269,425
269,443
269,444
269,446
269,447
269,448
269,449
269,536
269,537
269,567
269,572
270,271
270,291
270,292
270,293
270,294
270,295
270,378
270,444
270,446
270,447
270,448
270,449
270,453
270,536
270,537
270,567
270,572
271,291
271,292
271,293
271,294
271,295
271,378
271,449
271,453
271,460
271,470
271,537
272,273
272,274
272,277
272,278
272,280
272,281
272,282
272,285
272,286
272,306
272,552
272,553
273,274
273,275
273,283
273,286
273,356
273,357
273,358
273,552
273,553
274,275
274,276
274,277
274,278
274,280
274,281
274,282
274,283
274,286
274,356
275,276
275,280
275,281
275,282
275,283
275,284
275,286
275,356
275,357
275,358
275,359
275,360
275,361
275,362
275,555
275,556
276,277
276,278
276,280
276,281
276,282
276,283
276,284
276,285
276,286
276,356
276,358
277,278
277,279
277,358
277,359
277,360
277,361
277,362
277,481
277,482
277,520
277,521
277,522
277,523
277,555
277,556
277,557
278,279
278,280
278,281
278,282
278,283
278,284
278,285
278,286
278,358
278,359
278,361
279,280
279,281
279,282
279,283
279,284
279,285
279,349
279,358
279,359
279,361
279,362
279,481
279,482
279,521
279,522
279,523
279,524
279,541
279,542
279,555
279,556
279,557
280,281
280,282
280,284
280,285
280,286
280,306
280,331
280,349
280,362
280,480
280,481
280,482
280,490
280,492
280,493
280,521
280,522
280,523
280,524
280,526
280,548
280,555
280,556
280,557
281,285
281,286
281,305
281,306
281,331
281,349
281,362
281,369
281,480
281,481
281,482
281,490
281,492
281,493
281,521
281,522
281,523
281,524
281,526
281,548
281,555
281,556
281,557
282,284
282,285
282,286
282,305
282,306
282,331
282,349
282,480
282,481
282,482
282,490
282,492
282,493
282,521
282,522
282,523
282,524
282,526
282,548
282,549
282,555
282,556
282,557
283,284
283,305
283,306
283,480
283,481
283,482
283,489
283,490
283,492
283,493
283,521
283,522
283,523
283,524
283,526
283,548
283,549
283,555
284,285
284,305
284,306
284,480
284,481
284,482
284,489
284,490
284,492
284,493
285,286
285,305
285,306
286,306
287,288
287,289
287,336
287,337
287,338
287,371
288,289
288,351
289,351
290,291
290,292
290,293
290,294
290,295
290,512
290,513
291,298
291,299
291,460
291,470
291,536
291,567
292,293
292,298
292,299
292,301
292,302
292,460
292,470
293,301
293,302
293,460
293,470
293,536
293,567
293,583
294,296
294,298
294,301
294,302
294,303
294,577
294,584
295,296
295,297
295,301
295,302
295,303
295,306
295,307
295,378
295,415
295,443
295,444
295,446
295,447
295,448
295,449
295,453
295,472
295,475
295,480
295,490
295,491
295,492
295,493
295,494
295,495
295,536
295,537
295,567
295,577
295,578
295,583
295,584
296,302
296,303
296,306
296,307
296,378
296,415
296,423
296,424
296,425
296,443
296,444
296,446
296,447
296,448
296,449
296,453
296,472
296,475
296,480
296,490
296,491
296,492
296,493
296,494
296,495
296,508
296,510
296,536
296,537
296,567
296,577
296,578
296,583
296,584
297,298
297,378
297,415
297,419
297,421
297,423
297,424
297,425
297,443
297,444
297,446
297,447
297,448
297,449
297,453
298,299
298,301
298,302
298,303
298,304
298,378
298,421
298,508
298,510
298,536
298,537
298,577
298,583
298,584
299,300
299,302
299,304
299,312
299,313
299,314
299,315
299,316
299,319
299,322
299,323
299,324
299,325
299,378
299,381
299,382
299,383
299,384
299,385
299,390
299,391
299,392
299,415
299,416
299,419
299,421
299,448
299,449
299,453
299,484
299,485
299,486
299,508
299,510
299,519
299,520
299,530
299,537
299,577
299,583
299,584
300,302
300,304
300,312
300,313
300,314
300,315
300,316
300,319
300,322
300,323
300,324
300,325
300,378
300,381
300,382
300,383
300,384
300,385
300,390
300,391
300,392
300,415
300,416
300,419
300,421
300,425
300,443
300,444
300,446
300,447
300,448
300,449
300,453
300,484
300,485
300,486
300,508
300,510
300,519
300,520
300,530
300,537
300,577
300,583
300,584
301,302
301,415
301,416
301,419
301,423
301,437
301,438
301,445
301,446
301,447
301,448
301,449
301,564
301,565
301,566
302,304
302,415
302,423
302,437
302,438
302,445
302,446
302,447
302,448
302,449
302,564
302,565
303,304
303,415
303,416
303,419
303,423
303,437
303,438
303,448
303,449
303,564
303,565
305,306
305,352
305,353
305,361
305,362
305,363
305,364
305,369
305,471
305,472
305,473
305,474
305,580
306,307
306,308
306,309
306,359
306,361
306,362
306,363
306,364
306,377
306,378
306,536
306,537
306,555
306,556
306,567
306,572
307,308
307,372
307,377
307,378
307,487
307,489
307,490
307,491
307,492
307,493
307,536
307,537
307,550
307,567
307,568
307,572
308,310
308,311
308,372
308,413
308,414
308,489
308,490
308,491
308,536
308,537
308,568
309,310
309,568
310,311
310,568
312,313
312,315
312,316
312,317
312,386
312,387
312,422
312,423
312,424
312,425
312,482
312,484
312,485
312,486
312,487
312,519
312,520
312,529
313,314
313,316
313,318
313,319
313,320
313,321
313,422
313,423
313,424
313,425
313,482
313,484
313,485
313,486
313,487
313,519
313,520
313,529
314,315
314,316
314,319
314,320
314,321
314,423
314,424
314,425
314,484
314,485
314,486
314,487
314,519
314,520
314,529
315,316
315,319
315,320
315,321
315,374
315,375
315,423
315,424
315,425
315,484
315,485
315,486
315,487
315,519
315,520
315,529
316,318
316,319
316,374
316,375
316,376
316,423
316,424
316,425
317,318
317,374
317,375
317,376
317,389
317,400
317,401
317,402
317,403
317,407
317,408
317,528
317,529
317,530
317,545
317,585
317,592
318,319
318,320
318,321
318,372
318,376
318,387
318,388
318,389
318,391
318,392
318,400
318,401
318,402
318,403
318,407
318,408
319,320
319,321
319,387
319,389
319,391
319,392
319,398
319,399
319,400
319,401
319,402
319,403
319,406
319,407
319,408
319,423
319,424
319,425
320,321
320,387
320,389
320,391
320,392
320,398
320,399
320,400
320,401
320,402
320,403
320,406
320,407
320,408
321,387
321,389
321,391
321,392
321,398
321,399
321,400
321,401
321,402
321,403
321,406
321,407
321,408
322,323
322,324
322,325
322,326
322,327
322,379
322,380
322,387
322,389
322,391
322,392
322,393
322,398
322,412
322,413
322,414
322,415
322,423
322,424
322,425
322,439
322,459
322,484
322,485
322,486
323,324
323,325
323,326
323,327
323,379
323,380
323,387
323,389
323,391
323,392
323,393
323,394
323,397
323,398
323,423
323,424
323,425
323,427
323,439
323,453
323,484
323,485
323,486
324,327
324,379
324,380
324,387
324,389
324,391
324,392
324,394
324,395
324,397
324,398
324,410
324,411
324,412
324,413
324,423
324,424
324,425
324,453
324,454
324,484
324,485
324,486
325,326
325,379
325,380
325,381
325,387
325,389
325,391
325,394
325,395
325,397
325,398
325,410
325,412
325,413
325,414
325,415
325,423
325,424
325,425
326,327
326,379
326,380
326,381
326,382
326,387
326,389
326,394
326,395
326,397
326,398
326,409
326,410
326,412
326,413
327,404
327,439
327,459
328,329
328,330
328,331
328,333
328,339
328,340
328,345
328,346
328,373
328,585
329,331
329,334
329,347
329,373
329,374
329,544
329,545
329,585
330,331
330,332
330,333
330,334
331,333
331,334
331,363
331,364
331,365
331,541
331,556
331,557
331,558
331,559
332,333
332,334
332,339
332,340
332,341
332,346
332,364
332,534
332,541
332,556
332,557
332,558
332,559
332,560
333,334
333,339
333,340
333,346
333,534
333,535
333,585
334,339
334,346
334,585
335,336
335,337
335,338
335,475
335,476
335,477
335,553
336,357
336,371
336,553
337,338
339,340
339,342
339,343
339,346
340,341
340,343
340,344
340,345
340,368
340,534
340,535
340,541
340,557
340,558
340,559
340,560
341,342
341,343
341,344
341,345
341,349
341,368
341,534
341,535
341,541
341,542
341,558
341,559
341,560
342,343
342,344
342,345
342,346
342,541
342,559
342,560
343,344
343,346
344,345
344,585
344,586
345,585
346,585
347,348
347,373
347,374
347,403
347,407
347,543
347,544
347,545
347,585
348,373
348,403
349,363
349,364
349,365
349,367
349,541
349,542
349,544
349,557
349,558
350,351
350,352
350,353
350,354
350,461
350,463
350,464
350,539
350,540
350,573
350,574
351,353
351,354
351,479
352,353
352,476
352,477
352,479
353,354
353,479
354,461
354,463
354,539
354,540
354,573
354,574
355,357
355,367
355,531
355,532
356,358
356,368
356,552
356,553
357,358
357,359
357,367
357,368
358,363
358,366
358,367
358,368
358,490
358,492
358,493
358,495
359,360
359,361
359,366
359,367
359,480
359,481
359,490
359,492
359,493
359,495
359,556
360,361
360,362
360,363
360,364
360,366
360,367
361,363
361,364
361,369
361,480
361,481
361,490
361,492
361,493
361,495
361,556
362,365
362,366
362,367
362,369
362,480
362,490
362,492
362,493
362,495
362,556
363,364
363,365
363,366
363,367
363,369
363,490
363,492
363,541
363,542
363,556
363,557
363,560
363,580
364,365
364,368
364,535
364,541
364,542
364,556
364,557
364,558
364,560
365,368
365,534
365,535
365,541
365,542
365,560
366,367
366,368
366,534
366,535
367,368
367,535
367,542
368,541
368,560
369,370
369,371
369,372
369,472
369,473
369,474
370,371
370,372
370,471
370,472
370,473
370,474
370,579
370,580
371,385
371,402
372,473
372,474
372,490
372,491
372,492
372,493
372,550
373,374
373,375
373,376
373,403
373,484
373,485
373,486
373,519
373,520
373,526
373,528
373,529
373,530
373,544
373,545
373,547
374,375
374,376
374,407
374,484
374,485
374,486
374,519
374,520
374,528
374,529
374,530
374,545
374,547
374,585
374,592
375,376
375,400
375,401
375,402
375,403
375,407
375,408
375,484
375,485
375,486
375,487
375,519
375,520
375,528
375,529
375,530
375,547
376,379
376,387
376,388
376,389
376,402
376,403
376,407
376,408
377,378
377,415
377,421
377,453
377,480
377,490
377,491
377,492
377,493
377,494
377,495
377,572
378,379
378,381
378,382
378,383
378,384
378,385
378,415
378,419
378,421
378,423
378,424
378,425
378,426
378,438
378,443
378,444
378,446
378,447
378,448
378,449
378,453
378,480
378,490
378,491
378,492
378,493
378,494
378,495
378,516
378,565
378,566
378,572
379,380
379,381
379,382
379,385
379,388
379,389
379,398
379,399
379,401
379,402
379,403
379,406
379,407
379,408
379,569
379,570
379,571
380,381
380,383
380,384
380,385
380,386
380,387
380,388
380,389
380,398
381,382
381,384
381,385
381,386
381,398
381,399
381,401
381,406
381,407
381,408
381,410
381,569
381,570
381,571
382,384
382,385
382,386
382,398
382,399
382,401
382,406
382,407
382,408
382,410
382,569
382,570
382,571
383,384
383,386
383,387
383,388
383,423
383,487
383,488
383,569
383,570
383,571
384,385
384,386
384,387
384,388
384,389
384,423
384,570
384,571
385,386
385,387
385,388
385,389
385,423
386,388
386,486
386,487
386,488
386,519
386,520
386,521
386,523
386,529
386,550
387,388
387,389
387,398
387,399
387,401
387,402
387,403
387,406
387,407
387,408
387,484
387,486
387,519
387,520
387,521
387,541
387,550
388,389
388,401
388,402
388,403
388,406
388,407
388,408
389,391
389,398
389,399
389,401
389,402
389,403
389,406
389,407
389,408
389,484
389,486
389,487
389,488
389,519
389,520
389,521
390,392
390,393
390,394
390,395
390,411
390,412
390,413
390,414
390,415
390,422
390,423
390,427
390,453
390,454
390,456
390,577
390,581
390,582
390,583
390,584
391,392
391,393
391,394
391,395
391,397
391,398
391,399
391,410
391,411
391,412
391,413
391,414
391,415
391,422
391,423
391,424
391,425
391,484
391,486
391,520
392,393
392,398
392,399
392,410
392,423
392,424
392,425
392,484
392,486
392,520
393,577
393,581
393,582
393,583
393,584
394,396
394,398
394,410
394,450
394,453
394,454
394,459
395,397
395,411
395,412
395,413
395,414
395,422
395,449
395,450
395,453
395,454
395,459
395,496
395,583
395,584
396,411
396,412
396,413
396,414
396,422
396,453
396,454
396,459
396,569
396,570
396,584
398,400
398,405
398,413
398,414
398,448
398,449
398,453
398,454
398,457
398,459
398,482
398,484
398,485
398,486
398,487
398,488
398,489
399,400
399,405
399,413
399,414
399,447
399,448
399,449
399,453
399,454
399,457
399,459
399,482
399,484
399,485
399,486
399,487
399,488
399,489
400,401
400,403
400,405
400,406
400,408
400,528
400,529
400,530
400,547
401,402
401,403
401,404
401,405
401,487
401,488
401,489
401,528
401,529
401,530
402,404
402,405
402,407
402,408
402,487
402,488
402,489
402,529
402,530
403,404
403,405
403,487
403,488
403,489
403,530
403,544
403,545
406,414
406,447
406,448
406,449
406,453
406,484
406,485
406,486
406,487
406,488
406,489
407,485
407,486
407,487
407,488
407,489
407,528
407,529
407,545
408,486
408,487
408,488
408,489
408,528
408,529
408,530
409,410
410,413
410,414
410,448
410,449
410,453
410,454
410,456
410,457
410,459
411,412
411,414
411,416
411,417
411,418
411,419
411,420
411,421
411,422
412,413
412,417
412,418
412,419
412,420
412,421
412,422
412,581
412,582
412,583
413,414
413,415
413,416
413,453
414,415
414,416
414,425
414,426
414,427
414,428
414,447
414,448
414,449
414,450
414,453
415,416
415,417
415,421
415,423
415,425
415,426
415,427
415,428
415,429
415,447
415,448
415,449
415,450
415,453
415,536
415,572
416,423
416,425
416,426
416,427
416,428
416,429
416,438
416,447
416,448
416,449
416,450
417,429
417,447
417,448
417,449
417,450
417,453
418,419
418,428
418,429
418,447
418,448
418,449
418,450
418,451
418,453
419,423
419,425
419,426
419,427
419,438
420,421
420,422
420,427
420,428
420,429
420,447
420,448
420,449
420,451
420,453
421,422
421,423
421,425
421,426
421,427
421,428
421,429
421,438
421,447
421,448
421,449
421,451
421,453
421,487
421,536
421,570
421,571
421,572
421,580
421,582
421,583
421,584
422,486
422,487
422,496
422,497
422,519
422,520
422,581
422,582
422,583
422,584
423,424
423,425
423,436
423,437
423,445
423,446
423,447
423,448
423,449
423,473
423,484
423,485
423,486
423,508
423,510
423,519
423,520
423,530
423,537
423,570
423,571
423,572
423,577
423,582
423,583
423,584
424,426
424,427
424,432
424,433
424,435
424,484
424,485
424,486
424,508
424,510
424,519
424,520
424,530
424,537
424,570
424,571
424,572
424,577
424,583
424,584
425,426
425,432
425,433
425,484
425,485
425,486
425,496
425,508
425,510
425,519
425,520
425,530
425,537
425,567
425,570
425,571
425,572
425,577
426,432
426,433
426,434
426,435
426,567
426,570
426,571
426,572
427,445
427,446
427,447
427,448
427,449
427,567
427,570
427,571
427,572
427,580
427,582
428,429
428,431
428,443
428,444
428,445
428,446
428,447
428,448
428,570
428,571
428,572
429,431
429,443
429,445
429,446
429,447
429,570
429,571
430,431
431,432
431,433
432,433
432,434
432,435
433,434
433,435
434,436
434,437
434,564
435,436
436,437
436,438
437,564
437,565
438,537
438,564
438,565
438,566
438,571
438,572
438,577
438,583
438,584
439,442
439,452
440,442
440,455
440,456
440,457
440,458
440,459
441,444
441,445
441,448
441,456
441,457
441,458
442,444
442,448
443,444
443,445
443,446
443,447
443,537
443,570
443,571
443,572
443,577
443,584
444,446
444,456
445,446
445,449
445,450
445,457
445,458
446,447
446,449
446,570
446,571
446,572
447,448
447,570
447,571
447,572
448,449
448,570
448,571
448,572
449,450
449,451
449,570
449,571
449,572
449,582
450,451
450,452
451,455
451,456
451,457
451,458
451,570
451,571
451,572
451,582
452,453
452,454
452,455
452,458
453,454
453,455
453,459
453,536
453,570
453,571
453,572
454,455
454,456
454,457
454,459
455,456
455,459
456,459
457,458
457,459
458,459
460,461
460,462
460,463
460,464
460,467
460,469
460,470
460,512
460,513
460,514
461,465
461,466
461,467
461,468
461,469
461,470
462,463
462,464
462,465
462,466
462,467
462,468
462,469
462,470
463,464
463,467
463,469
463,470
464,465
464,466
464,467
464,470
464,503
465,498
465,499
465,502
465,503
465,504
465,573
466,467
466,468
466,498
466,499
466,502
466,503
466,504
467,470
467,497
467,498
467,499
467,502
467,504
467,513
467,567
467,568
467,584
468,469
468,497
468,498
468,499
468,502
468,504
468,512
468,513
468,577
468,578
468,584
469,470
469,497
469,512
469,513
469,577
469,578
469,584
470,496
470,497
470,512
470,513
470,514
470,577
470,578
470,579
471,472
471,478
471,479
472,473
472,474
472,555
472,556
472,580
472,582
472,583
473,474
473,475
473,478
473,479
473,536
473,537
473,567
473,568
474,475
474,478
474,479
474,555
475,476
475,477
475,496
475,507
475,508
475,509
475,510
475,578
475,579
475,580
476,477
476,478
476,506
476,507
476,508
476,509
476,510
477,478
478,479
478,505
478,506
478,507
478,508
478,509
480,481
480,482
480,483
480,484
480,485
480,486
480,487
480,488
480,493
480,495
480,521
480,522
480,523
480,536
480,537
480,547
480,548
480,549
480,550
480,554
480,556
480,567
480,572
481,482
481,483
481,485
481,486
481,487
481,488
481,489
481,490
481,491
481,492
481,494
481,495
481,521
481,522
481,523
481,547
481,548
481,549
481,550
481,554
481,556
482,483
482,484
482,489
482,490
482,491
482,492
482,494
482,495
482,520
482,521
482,522
482,523
482,541
482,548
482,549
482,550
482,554
482,560
482,561
483,487
483,488
483,489
483,490
483,491
483,492
483,494
483,520
484,485
484,486
484,490
484,491
484,492
484,494
484,519
484,520
484,521
484,522
484,523
484,541
484,549
484,550
484,560
484,561
485,486
485,487
485,488
485,489
485,490
485,491
485,492
485,494
485,519
486,487
486,488
486,489
486,490
486,491
486,492
486,494
486,519
486,520
486,521
486,522
486,523
486,550
487,488
487,490
487,491
487,493
487,494
488,489
488,490
488,491
488,493
488,494
489,491
489,494
490,491
490,492
490,494
490,536
490,537
490,555
490,556
490,567
490,572
491,492
491,494
491,536
491,537
491,567
491,572
492,493
492,494
492,536
492,537
492,555
492,556
492,567
492,572
493,536
493,537
493,547
493,548
493,549
493,550
493,556
493,567
493,572
494,495
494,536
494,537
494,567
494,572
495,536
495,537
495,554
495,556
495,567
495,572
496,497
496,499
496,500
496,510
496,536
496,537
496,567
496,568
496,577
496,578
496,579
496,584
497,500
497,501
497,536
497,537
497,567
497,568
497,577
497,578
497,579
497,584
498,499
498,500
498,502
498,536
498,537
498,567
498,568
499,500
499,502
500,501
501,509
501,510
502,507
502,508
503,504
504,506
506,507
507,508
507,579
507,580
508,510
508,536
508,537
508,577
508,578
508,579
508,580
510,536
510,537
510,567
510,577
510,578
510,579
511,512
511,513
511,515
511,517
511,518
512,513
512,514
512,516
512,517
512,518
512,563
513,514
515,516
515,517
516,571
516,572
518,562
519,520
519,525
519,526
519,527
519,530
520,521
520,525
520,526
520,527
520,554
520,560
520,561
521,522
521,523
521,528
521,529
521,530
521,541
521,550
521,554
521,560
521,561
522,523
522,527
522,528
522,529
522,530
522,550
522,554
522,560
522,561
523,524
523,527
523,528
523,529
523,530
523,547
523,548
523,549
523,550
523,554
523,560
523,561
524,525
524,526
524,527
524,528
524,529
524,530
524,535
524,550
524,554
524,560
524,561
525,526
525,527
525,528
525,529
525,530
525,547
526,527
526,530
526,545
526,547
526,548
526,554
527,528
527,529
527,530
527,545
527,547
528,529
528,545
528,585
528,592
529,530
529,545
529,585
529,592
531,533
532,533
532,534
532,535
533,534
533,535
534,535
535,541
535,557
535,558
535,560
536,537
536,567
536,572
536,577
536,580
536,582
536,583
536,584
537,564
537,565
537,577
537,582
537,583
537,584
539,540
539,574
539,575
540,574
541,542
541,543
541,545
541,546
541,547
541,551
541,557
541,558
541,559
541,560
542,543
542,544
542,548
542,551
542,557
543,544
543,545
543,548
543,551
544,545
544,548
544,585
544,592
545,550
545,551
545,585
545,592
546,547
546,548
546,550
547,548
547,549
547,550
548,549
548,554
548,560
548,561
550,561
551,559
551,560
552,553
554,555
554,556
554,557
554,558
554,559
554,560
554,561
555,556
555,557
555,558
555,559
555,560
555,561
556,557
556,558
556,559
556,561
556,580
557,558
557,560
558,561
559,560
559,561
560,561
562,563
562,564
562,565
563,564
563,565
564,565
564,566
565,566
565,571
565,572
566,571
566,572
567,568
567,569
567,570
567,577
567,580
567,582
567,583
567,584
568,569
568,571
568,572
568,580
568,582
568,583
568,584
569,570
569,571
570,571
573,574
573,575
574,575
574,576
575,576
577,578
577,582
577,584
578,579
578,582
579,580
579,581
579,583
580,582
580,584
581,582
582,584
583,584
585,586
585,587
585,588
585,589
585,590
585,592
586,587
586,588
586,589
587,588
587,589
587,590
588,589
588,590
589,590
590,591
590,592
591,592
